# file    : d.dat
# content : "LakeShore370" raw data
# created : 20251203T150127
# author  : Roch Schanen LakeShore.py V0.00
# Heater Resistance : 194.0 [Ohms]
# column 01 : time stamp [HH:MM:SS.F]
# column 02 : time in seconds [s]
# column 03 : Thermometer 1 Resistance [Ohms]
# column 04 : Thermometer 1 Temperature [K] 
# column 05 : Temperature Set-point [K]
# column 06 : Heater Range [index] 
# column 07 : Heater Value [W]
15:01:27.3	1764774087.4	1.000e+00	1.000e+00	1.000e+00	1	1.000e+00	
15:01:27.5	1764774087.6	1.000e+00	1.000e+00	1.000e+00	1	1.000e+00	
15:01:27.7	1764774087.8	1.000e+00	1.000e+00	1.000e+00	1	1.000e+00	
15:01:27.9	1764774088.0	1.000e+00	1.000e+00	1.000e+00	1	1.000e+00	
15:01:28.1	1764774088.2	1.000e+00	1.000e+00	1.000e+00	1	1.000e+00	
15:01:28.3	1764774088.4	1.000e+00	1.000e+00	1.000e+00	1	1.000e+00	
15:01:28.6	1764774088.6	1.000e+00	1.000e+00	1.000e+00	1	1.000e+00	
15:01:28.8	1764774088.8	1.000e+00	1.000e+00	1.000e+00	1	1.000e+00	
15:01:29.0	1764774089.0	1.000e+00	1.000e+00	1.000e+00	1	1.000e+00	
15:01:29.2	1764774089.2	1.000e+00	1.000e+00	1.000e+00	1	1.000e+00	
15:01:29.4	1764774089.4	1.000e+00	1.000e+00	1.000e+00	1	1.000e+00	
15:01:29.6	1764774089.6	1.000e+00	1.000e+00	1.000e+00	1	1.000e+00	
15:01:29.8	1764774089.8	1.000e+00	1.000e+00	1.000e+00	1	1.000e+00	
15:01:30.0	1764774090.0	1.000e+00	1.000e+00	1.000e+00	1	1.000e+00	
15:01:30.2	1764774090.2	1.000e+00	1.000e+00	1.000e+00	1	1.000e+00	
15:01:30.4	1764774090.5	1.000e+00	1.000e+00	1.000e+00	1	1.000e+00	
15:01:30.6	1764774090.7	1.000e+00	1.000e+00	1.000e+00	1	1.000e+00	
15:01:30.8	1764774090.9	1.000e+00	1.000e+00	1.000e+00	1	1.000e+00	
15:01:31.0	1764774091.1	1.000e+00	1.000e+00	1.000e+00	1	1.000e+00	
15:01:31.2	1764774091.3	1.000e+00	1.000e+00	1.000e+00	1	1.000e+00	
15:01:31.5	1764774091.5	1.000e+00	1.000e+00	1.000e+00	1	1.000e+00	
15:01:31.7	1764774091.7	1.000e+00	1.000e+00	1.000e+00	1	1.000e+00	
15:01:31.9	1764774091.9	1.000e+00	1.000e+00	1.000e+00	1	1.000e+00	
15:01:32.1	1764774092.1	1.000e+00	1.000e+00	1.000e+00	1	1.000e+00	
15:01:32.3	1764774092.3	1.000e+00	1.000e+00	1.000e+00	1	1.000e+00	
15:01:32.5	1764774092.5	1.000e+00	1.000e+00	1.000e+00	1	1.000e+00	
15:01:32.7	1764774092.7	1.000e+00	1.000e+00	1.000e+00	1	1.000e+00	
15:01:32.9	1764774093.0	1.000e+00	1.000e+00	1.000e+00	1	1.000e+00	
15:01:33.1	1764774093.2	1.000e+00	1.000e+00	1.000e+00	1	1.000e+00	
15:01:33.3	1764774093.4	1.000e+00	1.000e+00	1.000e+00	1	1.000e+00	
15:01:33.5	1764774093.6	1.000e+00	1.000e+00	1.000e+00	1	1.000e+00	
15:01:33.7	1764774093.8	1.000e+00	1.000e+00	1.000e+00	1	1.000e+00	
15:01:33.9	1764774094.0	1.000e+00	1.000e+00	1.000e+00	1	1.000e+00	
15:01:34.1	1764774094.2	1.000e+00	1.000e+00	1.000e+00	1	1.000e+00	
15:01:34.3	1764774094.4	1.000e+00	1.000e+00	1.000e+00	1	1.000e+00	
15:01:34.6	1764774094.6	1.000e+00	1.000e+00	1.000e+00	1	1.000e+00	
15:01:34.8	1764774094.8	1.000e+00	1.000e+00	1.000e+00	1	1.000e+00	
15:01:35.0	1764774095.0	1.000e+00	1.000e+00	1.000e+00	1	1.000e+00	
15:01:35.2	1764774095.2	1.000e+00	1.000e+00	1.000e+00	1	1.000e+00	
15:01:35.4	1764774095.4	1.000e+00	1.000e+00	1.000e+00	1	1.000e+00	
15:01:35.6	1764774095.7	1.000e+00	1.000e+00	1.000e+00	1	1.000e+00	
15:01:35.8	1764774095.9	1.000e+00	1.000e+00	1.000e+00	1	1.000e+00	
15:01:36.0	1764774096.1	1.000e+00	1.000e+00	1.000e+00	1	1.000e+00	
15:01:36.2	1764774096.3	1.000e+00	1.000e+00	1.000e+00	1	1.000e+00	
15:01:36.4	1764774096.5	1.000e+00	1.000e+00	1.000e+00	1	1.000e+00	
15:01:36.6	1764774096.7	1.000e+00	1.000e+00	1.000e+00	1	1.000e+00	
15:01:36.8	1764774096.9	1.000e+00	1.000e+00	1.000e+00	1	1.000e+00	
15:01:37.0	1764774097.1	1.000e+00	1.000e+00	1.000e+00	1	1.000e+00	
15:01:37.3	1764774097.3	1.000e+00	1.000e+00	1.000e+00	1	1.000e+00	
15:01:37.5	1764774097.5	1.000e+00	1.000e+00	1.000e+00	1	1.000e+00	
15:01:37.7	1764774097.7	1.000e+00	1.000e+00	1.000e+00	1	1.000e+00	
15:01:37.9	1764774097.9	1.000e+00	1.000e+00	1.000e+00	1	1.000e+00	
15:01:38.1	1764774098.1	1.000e+00	1.000e+00	1.000e+00	1	1.000e+00	
15:01:38.3	1764774098.3	1.000e+00	1.000e+00	1.000e+00	1	1.000e+00	
15:01:38.5	1764774098.5	1.000e+00	1.000e+00	1.000e+00	1	1.000e+00	
15:01:38.7	1764774098.8	1.000e+00	1.000e+00	1.000e+00	1	1.000e+00	
15:01:38.9	1764774099.0	1.000e+00	1.000e+00	1.000e+00	1	1.000e+00	
15:01:39.1	1764774099.2	1.000e+00	1.000e+00	1.000e+00	1	1.000e+00	
15:01:39.3	1764774099.4	1.000e+00	1.000e+00	1.000e+00	1	1.000e+00	
15:01:39.5	1764774099.6	1.000e+00	1.000e+00	1.000e+00	1	1.000e+00	
15:01:39.8	1764774099.8	1.000e+00	1.000e+00	1.000e+00	1	1.000e+00	
15:01:40.0	1764774100.0	1.000e+00	1.000e+00	1.000e+00	1	1.000e+00	
15:01:40.2	1764774100.2	1.000e+00	1.000e+00	1.000e+00	1	1.000e+00	
15:01:40.4	1764774100.4	1.000e+00	1.000e+00	1.000e+00	1	1.000e+00	
15:01:40.6	1764774100.6	1.000e+00	1.000e+00	1.000e+00	1	1.000e+00	
15:01:40.8	1764774100.9	1.000e+00	1.000e+00	1.000e+00	1	1.000e+00	
15:01:41.0	1764774101.1	1.000e+00	1.000e+00	1.000e+00	1	1.000e+00	
15:01:41.2	1764774101.3	1.000e+00	1.000e+00	1.000e+00	1	1.000e+00	
15:01:41.4	1764774101.5	1.000e+00	1.000e+00	1.000e+00	1	1.000e+00	
