# file    : LS370_20251128T091429.dat
# content : "LakeShore370" raw data
# created : 20251128T091429
# author  : Roch Schanen LakeShore.py V0.00
# Heater Resistance : 194.0 [Ohms]
# column 01 : time stamp [HH:MM:SS.F]
# column 02 : time in seconds [s]
# column 03 : Thermometer 1 Resistance [Ohms]
# column 04 : Thermometer 1 Temperature [K] 
# column 05 : Temperature Set-point [K]
# column 06 : Heater Range [index] 
# column 07 : Heater Value [?]
09:14:31.5	1764321271.6	1.989e+04	1.052e-01	1.050e-01	1	1.791e-07	
09:14:33.6	1764321273.6	1.994e+04	1.050e-01	1.050e-01	1	1.855e-07	
09:14:35.6	1764321275.7	1.999e+04	1.048e-01	1.050e-01	1	1.940e-07	
09:14:37.6	1764321277.7	2.002e+04	1.046e-01	1.050e-01	1	1.940e-07	
09:14:39.7	1764321279.8	1.999e+04	1.048e-01	1.050e-01	1	1.940e-07	
09:14:41.7	1764321281.8	1.990e+04	1.052e-01	1.050e-01	1	1.877e-07	
09:14:43.8	1764321283.9	1.989e+04	1.052e-01	1.050e-01	1	1.826e-07	
09:14:45.8	1764321285.9	1.987e+04	1.053e-01	1.050e-01	1	1.769e-07	
09:14:47.8	1764321287.9	1.990e+04	1.052e-01	1.050e-01	1	1.824e-07	
09:14:49.9	1764321290.0	1.991e+04	1.052e-01	1.050e-01	1	1.816e-07	
09:14:51.9	1764321292.0	1.986e+04	1.054e-01	1.050e-01	1	1.750e-07	
09:14:54.0	1764321294.0	1.989e+04	1.052e-01	1.050e-01	1	1.770e-07	
09:14:56.0	1764321296.1	1.993e+04	1.051e-01	1.050e-01	1	1.820e-07	
09:14:58.1	1764321298.2	1.994e+04	1.050e-01	1.050e-01	1	1.837e-07	
09:15:00.1	1764321300.2	1.989e+04	1.052e-01	1.050e-01	1	1.766e-07	
09:15:02.1	1764321302.3	1.989e+04	1.052e-01	1.050e-01	1	1.748e-07	
09:15:04.2	1764321304.3	1.989e+04	1.052e-01	1.050e-01	1	1.723e-07	
09:15:06.2	1764321306.3	1.988e+04	1.053e-01	1.050e-01	1	1.740e-07	
09:15:08.3	1764321308.4	1.984e+04	1.055e-01	1.050e-01	1	1.660e-07	
09:15:10.3	1764321310.4	1.988e+04	1.053e-01	1.050e-01	1	1.696e-07	
09:15:12.4	1764321312.4	1.995e+04	1.050e-01	1.050e-01	1	1.799e-07	
09:15:14.4	1764321314.5	2.001e+04	1.047e-01	1.050e-01	1	1.889e-07	
09:15:16.5	1764321316.6	1.993e+04	1.051e-01	1.050e-01	1	1.809e-07	
09:15:18.5	1764321318.6	1.988e+04	1.053e-01	1.050e-01	1	1.706e-07	
09:15:20.5	1764321320.7	1.984e+04	1.055e-01	1.050e-01	1	1.608e-07	
09:15:22.6	1764321322.7	1.979e+04	1.057e-01	1.050e-01	1	1.535e-07	
09:15:24.6	1764321324.7	1.983e+04	1.055e-01	1.050e-01	1	1.554e-07	
09:15:26.7	1764321326.8	1.986e+04	1.054e-01	1.050e-01	1	1.568e-07	
09:15:28.7	1764321328.8	1.994e+04	1.050e-01	1.050e-01	1	1.703e-07	
09:15:30.8	1764321330.9	1.993e+04	1.050e-01	1.050e-01	1	1.677e-07	
09:15:32.8	1764321332.9	1.995e+04	1.050e-01	1.050e-01	1	1.725e-07	
09:15:34.9	1764321335.0	1.993e+04	1.051e-01	1.050e-01	1	1.684e-07	
09:15:36.9	1764321337.0	1.989e+04	1.052e-01	1.050e-01	1	1.660e-07	
09:15:38.9	1764321339.1	1.990e+04	1.052e-01	1.050e-01	1	1.636e-07	
09:15:41.0	1764321341.1	1.989e+04	1.053e-01	1.050e-01	1	1.614e-07	
09:15:43.0	1764321343.1	1.991e+04	1.051e-01	1.050e-01	1	1.654e-07	
09:15:45.1	1764321345.2	1.988e+04	1.053e-01	1.050e-01	1	1.578e-07	
09:15:47.1	1764321347.2	1.988e+04	1.053e-01	1.050e-01	1	1.576e-07	
09:15:49.2	1764321349.3	1.983e+04	1.055e-01	1.050e-01	1	1.499e-07	
09:15:51.2	1764321351.3	1.986e+04	1.054e-01	1.050e-01	1	1.490e-07	
09:15:53.3	1764321353.4	1.987e+04	1.053e-01	1.050e-01	1	1.495e-07	
09:15:55.3	1764321355.4	1.991e+04	1.052e-01	1.050e-01	1	1.550e-07	
09:15:57.3	1764321357.5	1.989e+04	1.052e-01	1.050e-01	1	1.528e-07	
09:15:59.4	1764321359.5	1.983e+04	1.055e-01	1.050e-01	1	1.445e-07	
09:16:01.4	1764321361.5	1.983e+04	1.055e-01	1.050e-01	1	1.420e-07	
09:16:03.5	1764321363.6	1.983e+04	1.055e-01	1.050e-01	1	1.414e-07	
09:16:05.5	1764321365.6	1.992e+04	1.051e-01	1.050e-01	1	1.539e-07	
09:16:07.6	1764321367.7	1.994e+04	1.050e-01	1.050e-01	1	1.559e-07	
09:16:09.6	1764321369.7	1.993e+04	1.050e-01	1.050e-01	1	1.556e-07	
09:16:11.7	1764321371.8	1.994e+04	1.050e-01	1.050e-01	1	1.523e-07	
09:16:13.7	1764321373.8	1.993e+04	1.051e-01	1.050e-01	1	1.512e-07	
09:16:15.7	1764321375.9	1.991e+04	1.051e-01	1.050e-01	1	1.506e-07	
09:16:17.8	1764321377.9	1.988e+04	1.053e-01	1.050e-01	1	1.438e-07	
09:16:19.8	1764321379.9	1.982e+04	1.055e-01	1.050e-01	1	1.370e-07	
09:16:21.9	1764321382.0	1.980e+04	1.056e-01	1.050e-01	1	1.301e-07	
09:16:24.0	1764321384.0	1.982e+04	1.055e-01	1.050e-01	1	1.302e-07	
09:16:26.0	1764321386.1	1.984e+04	1.055e-01	1.050e-01	1	1.345e-07	
09:16:28.0	1764321388.1	1.984e+04	1.055e-01	1.050e-01	1	1.319e-07	
09:16:30.1	1764321390.2	1.988e+04	1.053e-01	1.050e-01	1	1.352e-07	
09:16:32.1	1764321392.2	1.995e+04	1.050e-01	1.050e-01	1	1.435e-07	
09:16:34.2	1764321394.3	1.998e+04	1.048e-01	1.050e-01	1	1.496e-07	
09:16:36.2	1764321396.3	1.996e+04	1.049e-01	1.050e-01	1	1.483e-07	
09:16:38.3	1764321398.3	1.997e+04	1.049e-01	1.050e-01	1	1.455e-07	
09:16:40.3	1764321400.4	1.998e+04	1.048e-01	1.050e-01	1	1.529e-07	
09:16:42.4	1764321402.4	1.995e+04	1.050e-01	1.050e-01	1	1.488e-07	
09:16:44.4	1764321404.5	1.990e+04	1.052e-01	1.050e-01	1	1.406e-07	
09:16:46.4	1764321406.5	1.990e+04	1.052e-01	1.050e-01	1	1.386e-07	
09:16:48.5	1764321408.6	1.996e+04	1.049e-01	1.050e-01	1	1.436e-07	
09:16:50.5	1764321410.6	1.991e+04	1.051e-01	1.050e-01	1	1.395e-07	
09:16:52.6	1764321412.7	1.991e+04	1.052e-01	1.050e-01	1	1.387e-07	
09:16:54.6	1764321414.7	1.991e+04	1.051e-01	1.050e-01	1	1.395e-07	
09:16:56.7	1764321416.7	1.997e+04	1.049e-01	1.050e-01	1	1.459e-07	
09:16:58.7	1764321418.8	1.995e+04	1.049e-01	1.050e-01	1	1.463e-07	
09:17:00.8	1764321420.8	1.993e+04	1.050e-01	1.050e-01	1	1.430e-07	
09:17:02.8	1764321422.9	1.990e+04	1.052e-01	1.050e-01	1	1.386e-07	
09:17:04.8	1764321425.0	1.992e+04	1.051e-01	1.050e-01	1	1.388e-07	
09:17:06.9	1764321427.0	1.987e+04	1.053e-01	1.050e-01	1	1.323e-07	
09:17:08.9	1764321429.0	1.985e+04	1.054e-01	1.050e-01	1	1.290e-07	
09:17:11.0	1764321431.1	1.983e+04	1.055e-01	1.050e-01	1	1.220e-07	
09:17:13.0	1764321433.1	1.988e+04	1.053e-01	1.050e-01	1	1.305e-07	
09:17:15.1	1764321435.1	1.995e+04	1.050e-01	1.050e-01	1	1.379e-07	
09:17:17.1	1764321437.2	1.989e+04	1.052e-01	1.050e-01	1	1.309e-07	
09:17:19.2	1764321439.2	1.982e+04	1.056e-01	1.050e-01	1	1.219e-07	
09:17:21.2	1764321441.3	1.981e+04	1.056e-01	1.050e-01	1	1.140e-07	
09:17:23.2	1764321443.3	1.982e+04	1.056e-01	1.050e-01	1	1.149e-07	
09:17:25.3	1764321445.4	1.986e+04	1.054e-01	1.050e-01	1	1.187e-07	
09:17:27.3	1764321447.4	1.987e+04	1.053e-01	1.050e-01	1	1.200e-07	
09:17:29.4	1764321449.5	1.988e+04	1.053e-01	1.050e-01	1	1.209e-07	
09:17:31.4	1764321451.5	1.986e+04	1.054e-01	1.050e-01	1	1.198e-07	
09:17:33.5	1764321453.5	1.983e+04	1.055e-01	1.050e-01	1	1.124e-07	
09:17:35.5	1764321455.6	1.985e+04	1.054e-01	1.050e-01	1	1.140e-07	
09:17:37.6	1764321457.6	1.988e+04	1.053e-01	1.050e-01	1	1.151e-07	
09:17:39.6	1764321459.7	1.990e+04	1.052e-01	1.050e-01	1	1.199e-07	
09:17:41.6	1764321461.8	1.988e+04	1.053e-01	1.050e-01	1	1.146e-07	
09:17:43.7	1764321463.8	1.980e+04	1.056e-01	1.050e-01	1	1.051e-07	
09:17:45.7	1764321465.8	1.982e+04	1.056e-01	1.050e-01	1	1.045e-07	
09:17:47.8	1764321467.9	1.985e+04	1.054e-01	1.050e-01	1	1.053e-07	
09:17:49.8	1764321469.9	1.989e+04	1.052e-01	1.050e-01	1	1.094e-07	
09:17:51.9	1764321472.0	1.993e+04	1.051e-01	1.050e-01	1	1.130e-07	
09:17:53.9	1764321474.0	1.994e+04	1.050e-01	1.050e-01	1	1.165e-07	
09:17:56.0	1764321476.1	1.992e+04	1.051e-01	1.050e-01	1	1.133e-07	
09:17:58.0	1764321478.1	1.987e+04	1.053e-01	1.050e-01	1	1.071e-07	
09:18:00.0	1764321480.2	1.986e+04	1.054e-01	1.050e-01	1	1.048e-07	
09:18:02.1	1764321482.2	1.982e+04	1.055e-01	1.050e-01	1	1.005e-07	
09:18:04.2	1764321484.2	1.980e+04	1.056e-01	1.050e-01	1	9.594e-08	
09:18:06.2	1764321486.3	1.982e+04	1.055e-01	1.050e-01	1	9.680e-08	
09:18:08.3	1764321488.3	1.986e+04	1.054e-01	1.050e-01	1	9.931e-08	
09:18:10.3	1764321490.4	1.991e+04	1.051e-01	1.050e-01	1	1.050e-07	
09:18:12.3	1764321492.4	1.991e+04	1.051e-01	1.050e-01	1	1.035e-07	
09:18:14.4	1764321494.5	1.988e+04	1.053e-01	1.050e-01	1	1.016e-07	
09:18:16.4	1764321496.5	1.983e+04	1.055e-01	1.050e-01	1	9.378e-08	
09:18:18.5	1764321498.6	1.982e+04	1.056e-01	1.050e-01	1	8.997e-08	
09:18:20.5	1764321500.6	1.980e+04	1.056e-01	1.050e-01	1	8.632e-08	
09:18:22.6	1764321502.6	1.988e+04	1.053e-01	1.050e-01	1	9.212e-08	
09:18:24.6	1764321504.7	1.990e+04	1.052e-01	1.050e-01	1	9.587e-08	
09:18:26.7	1764321506.7	1.997e+04	1.049e-01	1.050e-01	1	1.035e-07	
09:18:28.7	1764321508.8	1.991e+04	1.051e-01	1.050e-01	1	9.637e-08	
09:18:30.7	1764321510.8	1.988e+04	1.053e-01	1.050e-01	1	9.405e-08	
09:18:32.8	1764321512.9	1.986e+04	1.054e-01	1.050e-01	1	9.025e-08	
09:18:34.8	1764321514.9	1.983e+04	1.055e-01	1.050e-01	1	8.692e-08	
09:18:36.9	1764321517.0	1.985e+04	1.054e-01	1.050e-01	1	8.795e-08	
09:18:38.9	1764321519.0	1.982e+04	1.056e-01	1.050e-01	1	8.265e-08	
09:18:41.0	1764321521.0	1.988e+04	1.053e-01	1.050e-01	1	8.844e-08	
09:18:43.0	1764321523.1	1.987e+04	1.053e-01	1.050e-01	1	8.785e-08	
09:18:45.1	1764321525.1	1.985e+04	1.054e-01	1.050e-01	1	8.419e-08	
09:18:47.1	1764321527.2	1.985e+04	1.054e-01	1.050e-01	1	8.208e-08	
09:18:49.1	1764321529.2	1.987e+04	1.053e-01	1.050e-01	1	8.139e-08	
09:18:51.2	1764321531.3	1.996e+04	1.049e-01	1.050e-01	1	9.036e-08	
09:18:53.2	1764321533.3	1.996e+04	1.049e-01	1.050e-01	1	9.259e-08	
09:18:55.2	1764321535.4	1.995e+04	1.050e-01	1.050e-01	1	9.273e-08	
09:18:57.3	1764321537.4	1.997e+04	1.049e-01	1.050e-01	1	9.660e-08	
09:18:59.4	1764321539.4	1.992e+04	1.051e-01	1.050e-01	1	8.862e-08	
09:19:01.4	1764321541.5	1.989e+04	1.053e-01	1.050e-01	1	8.798e-08	
09:19:03.5	1764321543.5	1.985e+04	1.054e-01	1.050e-01	1	7.961e-08	
09:19:05.5	1764321545.6	1.985e+04	1.054e-01	1.050e-01	1	7.905e-08	
09:19:07.5	1764321547.6	1.985e+04	1.054e-01	1.050e-01	1	7.849e-08	
09:19:09.6	1764321549.7	1.986e+04	1.054e-01	1.050e-01	1	7.783e-08	
09:19:11.6	1764321551.7	1.984e+04	1.055e-01	1.050e-01	1	7.479e-08	
09:19:13.7	1764321553.8	1.988e+04	1.053e-01	1.050e-01	1	7.724e-08	
09:19:15.7	1764321555.8	1.998e+04	1.048e-01	1.050e-01	1	8.624e-08	
09:19:17.8	1764321557.8	1.999e+04	1.048e-01	1.050e-01	1	8.938e-08	
09:19:19.8	1764321559.9	1.993e+04	1.050e-01	1.050e-01	1	8.445e-08	
09:19:21.9	1764321561.9	1.991e+04	1.051e-01	1.050e-01	1	8.340e-08	
09:19:23.9	1764321564.0	1.989e+04	1.052e-01	1.050e-01	1	7.939e-08	
09:19:25.9	1764321566.0	1.987e+04	1.053e-01	1.050e-01	1	7.600e-08	
09:19:28.0	1764321568.1	1.985e+04	1.054e-01	1.050e-01	1	7.175e-08	
09:19:30.0	1764321570.1	1.989e+04	1.052e-01	1.050e-01	1	7.695e-08	
09:19:32.1	1764321572.2	1.987e+04	1.053e-01	1.050e-01	1	7.282e-08	
09:19:34.1	1764321574.2	1.990e+04	1.052e-01	1.050e-01	1	7.654e-08	
09:19:36.2	1764321576.2	1.990e+04	1.052e-01	1.050e-01	1	7.402e-08	
09:19:38.2	1764321578.3	1.991e+04	1.051e-01	1.050e-01	1	7.706e-08	
09:19:40.3	1764321580.3	1.994e+04	1.050e-01	1.050e-01	1	7.886e-08	
09:19:42.3	1764321582.4	1.994e+04	1.050e-01	1.050e-01	1	7.928e-08	
09:19:44.3	1764321584.4	1.996e+04	1.049e-01	1.050e-01	1	8.162e-08	
09:19:46.4	1764321586.5	1.995e+04	1.050e-01	1.050e-01	1	7.926e-08	
09:19:48.4	1764321588.5	1.991e+04	1.051e-01	1.050e-01	1	7.650e-08	
09:19:50.5	1764321590.6	1.988e+04	1.053e-01	1.050e-01	1	7.285e-08	
09:19:52.5	1764321592.6	1.986e+04	1.054e-01	1.050e-01	1	6.893e-08	
09:19:54.6	1764321594.6	1.989e+04	1.052e-01	1.050e-01	1	7.118e-08	
09:19:56.6	1764321596.7	1.988e+04	1.053e-01	1.050e-01	1	7.000e-08	
09:19:58.7	1764321598.7	1.994e+04	1.050e-01	1.050e-01	1	7.444e-08	
09:20:00.7	1764321600.8	1.996e+04	1.049e-01	1.050e-01	1	7.726e-08	
09:20:02.7	1764321602.8	1.999e+04	1.048e-01	1.050e-01	1	8.172e-08	
09:20:04.8	1764321604.9	1.995e+04	1.050e-01	1.050e-01	1	7.862e-08	
09:20:06.8	1764321606.9	1.989e+04	1.052e-01	1.050e-01	1	7.381e-08	
09:20:08.9	1764321609.0	1.985e+04	1.054e-01	1.050e-01	1	6.769e-08	
09:20:10.9	1764321611.0	1.989e+04	1.053e-01	1.050e-01	1	6.961e-08	
09:20:13.0	1764321613.0	1.992e+04	1.051e-01	1.050e-01	1	7.334e-08	
09:20:15.0	1764321615.1	1.991e+04	1.051e-01	1.050e-01	1	7.192e-08	
09:20:17.1	1764321617.2	1.989e+04	1.052e-01	1.050e-01	1	6.910e-08	
09:20:19.1	1764321619.2	1.996e+04	1.049e-01	1.050e-01	1	7.450e-08	
09:20:21.2	1764321621.3	1.997e+04	1.049e-01	1.050e-01	1	7.749e-08	
09:20:23.2	1764321623.3	2.000e+04	1.047e-01	1.050e-01	1	8.030e-08	
09:20:25.2	1764321625.3	1.998e+04	1.049e-01	1.050e-01	1	7.741e-08	
09:20:27.3	1764321627.4	2.001e+04	1.047e-01	1.050e-01	1	8.167e-08	
09:20:29.3	1764321629.4	2.001e+04	1.047e-01	1.050e-01	1	8.232e-08	
09:20:31.4	1764321631.4	1.997e+04	1.049e-01	1.050e-01	1	8.207e-08	
09:20:33.4	1764321633.5	1.994e+04	1.050e-01	1.050e-01	1	7.573e-08	
09:20:35.5	1764321635.5	1.991e+04	1.051e-01	1.050e-01	1	7.249e-08	
09:20:37.5	1764321637.6	1.995e+04	1.050e-01	1.050e-01	1	7.698e-08	
09:20:39.5	1764321639.7	1.993e+04	1.051e-01	1.050e-01	1	7.557e-08	
09:20:41.6	1764321641.7	1.989e+04	1.052e-01	1.050e-01	1	7.225e-08	
09:20:43.6	1764321643.7	1.990e+04	1.052e-01	1.050e-01	1	7.034e-08	
09:20:45.7	1764321645.8	1.988e+04	1.053e-01	1.050e-01	1	6.899e-08	
09:20:47.7	1764321647.8	1.994e+04	1.050e-01	1.050e-01	1	7.237e-08	
09:20:49.8	1764321649.9	1.991e+04	1.052e-01	1.050e-01	1	7.228e-08	
09:20:51.8	1764321651.9	1.997e+04	1.049e-01	1.050e-01	1	7.771e-08	
09:20:53.9	1764321654.0	1.994e+04	1.050e-01	1.050e-01	1	7.628e-08	
09:20:55.9	1764321656.0	1.995e+04	1.050e-01	1.050e-01	1	7.745e-08	
09:20:57.9	1764321658.1	1.993e+04	1.050e-01	1.050e-01	1	7.577e-08	
09:21:00.0	1764321660.1	1.992e+04	1.051e-01	1.050e-01	1	7.197e-08	
09:21:02.0	1764321662.1	2.000e+04	1.047e-01	1.050e-01	1	8.078e-08	
09:21:04.1	1764321664.2	2.002e+04	1.046e-01	1.050e-01	1	8.349e-08	
09:21:06.1	1764321666.2	1.998e+04	1.048e-01	1.050e-01	1	8.147e-08	
09:21:08.2	1764321668.2	1.995e+04	1.050e-01	1.050e-01	1	7.630e-08	
09:21:10.2	1764321670.3	1.990e+04	1.052e-01	1.050e-01	1	7.169e-08	
09:21:12.3	1764321672.4	1.989e+04	1.052e-01	1.050e-01	1	7.090e-08	
09:21:14.3	1764321674.4	1.990e+04	1.052e-01	1.050e-01	1	6.978e-08	
09:21:16.3	1764321676.5	1.989e+04	1.052e-01	1.050e-01	1	7.026e-08	
09:21:18.4	1764321678.5	1.989e+04	1.052e-01	1.050e-01	1	7.068e-08	
09:21:20.4	1764321680.5	1.985e+04	1.054e-01	1.050e-01	1	6.445e-08	
09:21:22.5	1764321682.6	1.990e+04	1.052e-01	1.050e-01	1	6.858e-08	
09:21:24.5	1764321684.6	1.991e+04	1.051e-01	1.050e-01	1	6.768e-08	
09:21:26.6	1764321686.7	1.989e+04	1.052e-01	1.050e-01	1	6.662e-08	
09:21:28.6	1764321688.7	1.987e+04	1.053e-01	1.050e-01	1	6.463e-08	
09:21:30.7	1764321690.8	1.986e+04	1.054e-01	1.050e-01	1	6.094e-08	
09:21:32.7	1764321692.8	1.992e+04	1.051e-01	1.050e-01	1	6.620e-08	
09:21:34.7	1764321694.9	1.996e+04	1.049e-01	1.050e-01	1	7.086e-08	
09:21:36.8	1764321696.9	1.996e+04	1.049e-01	1.050e-01	1	7.192e-08	
09:21:38.8	1764321698.9	1.991e+04	1.052e-01	1.050e-01	1	6.827e-08	
09:21:40.9	1764321701.0	1.994e+04	1.050e-01	1.050e-01	1	6.821e-08	
09:21:42.9	1764321703.0	1.998e+04	1.048e-01	1.050e-01	1	7.212e-08	
09:21:45.0	1764321705.1	1.996e+04	1.049e-01	1.050e-01	1	7.259e-08	
09:21:47.0	1764321707.1	1.990e+04	1.052e-01	1.050e-01	1	6.585e-08	
09:21:49.1	1764321709.2	1.990e+04	1.052e-01	1.050e-01	1	6.340e-08	
09:21:51.1	1764321711.2	1.993e+04	1.051e-01	1.050e-01	1	6.712e-08	
09:21:53.1	1764321713.3	1.991e+04	1.052e-01	1.050e-01	1	6.464e-08	
09:21:55.2	1764321715.3	1.993e+04	1.051e-01	1.050e-01	1	6.734e-08	
09:21:57.2	1764321717.3	1.993e+04	1.051e-01	1.050e-01	1	6.564e-08	
09:21:59.3	1764321719.4	1.989e+04	1.052e-01	1.050e-01	1	6.505e-08	
09:22:01.3	1764321721.4	1.992e+04	1.051e-01	1.050e-01	1	6.494e-08	
09:22:03.4	1764321723.5	1.996e+04	1.049e-01	1.050e-01	1	6.908e-08	
09:22:05.4	1764321725.5	1.993e+04	1.050e-01	1.050e-01	1	6.713e-08	
09:22:07.5	1764321727.6	1.989e+04	1.053e-01	1.050e-01	1	6.193e-08	
09:22:09.5	1764321729.6	1.988e+04	1.053e-01	1.050e-01	1	6.059e-08	
09:22:11.5	1764321731.7	1.991e+04	1.051e-01	1.050e-01	1	6.264e-08	
09:22:13.6	1764321733.7	1.995e+04	1.050e-01	1.050e-01	1	6.601e-08	
09:22:15.6	1764321735.7	1.993e+04	1.050e-01	1.050e-01	1	6.449e-08	
09:22:17.7	1764321737.8	1.991e+04	1.052e-01	1.050e-01	1	6.291e-08	
09:22:19.7	1764321739.8	1.993e+04	1.050e-01	1.050e-01	1	6.297e-08	
09:22:21.8	1764321741.9	1.993e+04	1.051e-01	1.050e-01	1	6.337e-08	
09:22:23.8	1764321743.9	1.994e+04	1.050e-01	1.050e-01	1	6.536e-08	
09:22:25.9	1764321746.0	1.989e+04	1.053e-01	1.050e-01	1	5.947e-08	
09:22:27.9	1764321748.0	1.979e+04	1.057e-01	1.050e-01	1	5.184e-08	
09:22:29.9	1764321750.1	1.985e+04	1.054e-01	1.050e-01	1	5.288e-08	
09:22:32.0	1764321752.1	1.987e+04	1.053e-01	1.050e-01	1	5.549e-08	
09:22:34.1	1764321754.1	1.991e+04	1.052e-01	1.050e-01	1	5.851e-08	
09:22:36.1	1764321756.2	1.991e+04	1.051e-01	1.050e-01	1	5.791e-08	
09:22:38.2	1764321758.2	1.991e+04	1.052e-01	1.050e-01	1	5.795e-08	
09:22:40.2	1764321760.3	1.995e+04	1.050e-01	1.050e-01	1	6.099e-08	
09:22:42.2	1764321762.3	1.992e+04	1.051e-01	1.050e-01	1	5.922e-08	
09:22:44.3	1764321764.4	1.992e+04	1.051e-01	1.050e-01	1	5.994e-08	
09:22:46.3	1764321766.4	1.990e+04	1.052e-01	1.050e-01	1	5.600e-08	
09:22:48.4	1764321768.5	1.993e+04	1.051e-01	1.050e-01	1	5.747e-08	
09:22:50.4	1764321770.5	1.995e+04	1.050e-01	1.050e-01	1	6.006e-08	
09:22:52.5	1764321772.5	1.999e+04	1.048e-01	1.050e-01	1	6.334e-08	
09:22:54.5	1764321774.6	1.993e+04	1.051e-01	1.050e-01	1	6.056e-08	
09:22:56.6	1764321776.7	1.992e+04	1.051e-01	1.050e-01	1	5.778e-08	
09:22:58.6	1764321778.7	1.992e+04	1.051e-01	1.050e-01	1	5.722e-08	
09:23:00.6	1764321780.8	1.998e+04	1.048e-01	1.050e-01	1	6.251e-08	
09:23:02.7	1764321782.8	1.991e+04	1.052e-01	1.050e-01	1	5.762e-08	
09:23:04.7	1764321784.8	1.989e+04	1.052e-01	1.050e-01	1	5.572e-08	
09:23:06.8	1764321786.9	1.994e+04	1.050e-01	1.050e-01	1	5.753e-08	
09:23:08.9	1764321788.9	1.997e+04	1.049e-01	1.050e-01	1	5.982e-08	
09:23:10.9	1764321791.0	1.995e+04	1.050e-01	1.050e-01	1	6.030e-08	
09:23:12.9	1764321793.0	1.992e+04	1.051e-01	1.050e-01	1	5.600e-08	
09:23:15.0	1764321795.1	1.995e+04	1.050e-01	1.050e-01	1	6.023e-08	
09:23:17.0	1764321797.1	2.001e+04	1.047e-01	1.050e-01	1	6.300e-08	
09:23:19.0	1764321799.2	2.002e+04	1.047e-01	1.050e-01	1	6.682e-08	
09:23:21.1	1764321801.2	1.995e+04	1.050e-01	1.050e-01	1	6.301e-08	
09:23:23.1	1764321803.2	1.991e+04	1.052e-01	1.050e-01	1	5.837e-08	
09:23:25.2	1764321805.3	1.988e+04	1.053e-01	1.050e-01	1	5.453e-08	
09:23:27.3	1764321807.3	1.996e+04	1.049e-01	1.050e-01	1	5.999e-08	
09:23:29.3	1764321809.4	1.994e+04	1.050e-01	1.050e-01	1	5.952e-08	
09:23:31.3	1764321811.4	1.990e+04	1.052e-01	1.050e-01	1	5.600e-08	
09:23:33.4	1764321813.5	1.986e+04	1.054e-01	1.050e-01	1	4.992e-08	
09:23:35.4	1764321815.5	1.991e+04	1.052e-01	1.050e-01	1	5.370e-08	
09:23:37.5	1764321817.6	2.001e+04	1.047e-01	1.050e-01	1	6.343e-08	
09:23:39.5	1764321819.6	2.002e+04	1.047e-01	1.050e-01	1	6.539e-08	
09:23:41.6	1764321821.6	2.002e+04	1.047e-01	1.050e-01	1	6.899e-08	
09:23:43.6	1764321823.7	1.993e+04	1.051e-01	1.050e-01	1	5.933e-08	
09:23:45.7	1764321825.7	1.992e+04	1.051e-01	1.050e-01	1	5.994e-08	
09:23:47.7	1764321827.8	1.986e+04	1.054e-01	1.050e-01	1	5.231e-08	
09:23:49.7	1764321829.8	1.991e+04	1.051e-01	1.050e-01	1	5.597e-08	
09:23:51.8	1764321831.9	1.989e+04	1.053e-01	1.050e-01	1	5.309e-08	
09:23:53.8	1764321833.9	1.989e+04	1.053e-01	1.050e-01	1	5.239e-08	
09:23:55.9	1764321836.0	1.988e+04	1.053e-01	1.050e-01	1	5.225e-08	
09:23:57.9	1764321838.0	1.993e+04	1.051e-01	1.050e-01	1	5.443e-08	
09:24:00.0	1764321840.0	1.992e+04	1.051e-01	1.050e-01	1	5.515e-08	
09:24:02.0	1764321842.1	1.987e+04	1.053e-01	1.050e-01	1	5.012e-08	
09:24:04.1	1764321844.1	1.986e+04	1.054e-01	1.050e-01	1	4.889e-08	
09:24:06.1	1764321846.2	1.989e+04	1.053e-01	1.050e-01	1	5.044e-08	
09:24:08.1	1764321848.3	1.994e+04	1.050e-01	1.050e-01	1	5.421e-08	
09:24:10.2	1764321850.3	1.993e+04	1.051e-01	1.050e-01	1	5.394e-08	
09:24:12.2	1764321852.3	1.988e+04	1.053e-01	1.050e-01	1	4.977e-08	
09:24:14.3	1764321854.4	1.989e+04	1.053e-01	1.050e-01	1	4.915e-08	
09:24:16.3	1764321856.4	1.994e+04	1.050e-01	1.050e-01	1	5.273e-08	
09:24:18.4	1764321858.5	2.000e+04	1.047e-01	1.050e-01	1	5.833e-08	
09:24:20.4	1764321860.5	2.004e+04	1.046e-01	1.050e-01	1	6.378e-08	
09:24:22.5	1764321862.6	2.002e+04	1.047e-01	1.050e-01	1	6.398e-08	
09:24:24.5	1764321864.6	1.992e+04	1.051e-01	1.050e-01	1	5.543e-08	
09:24:26.5	1764321866.7	1.988e+04	1.053e-01	1.050e-01	1	4.943e-08	
09:24:28.6	1764321868.7	1.990e+04	1.052e-01	1.050e-01	1	4.963e-08	
09:24:30.6	1764321870.7	1.991e+04	1.052e-01	1.050e-01	1	5.177e-08	
09:24:32.7	1764321872.8	1.994e+04	1.050e-01	1.050e-01	1	5.449e-08	
09:24:34.7	1764321874.8	1.996e+04	1.049e-01	1.050e-01	1	5.532e-08	
09:24:36.8	1764321876.9	1.994e+04	1.050e-01	1.050e-01	1	5.547e-08	
09:24:38.8	1764321878.9	1.996e+04	1.049e-01	1.050e-01	1	5.764e-08	
09:24:40.9	1764321881.0	1.997e+04	1.049e-01	1.050e-01	1	5.705e-08	
09:24:42.9	1764321883.0	1.999e+04	1.048e-01	1.050e-01	1	6.132e-08	
09:24:44.9	1764321885.1	2.001e+04	1.047e-01	1.050e-01	1	6.339e-08	
09:24:47.0	1764321887.1	1.994e+04	1.050e-01	1.050e-01	1	5.694e-08	
09:24:49.1	1764321889.1	1.995e+04	1.050e-01	1.050e-01	1	5.844e-08	
09:24:51.1	1764321891.2	1.993e+04	1.051e-01	1.050e-01	1	5.539e-08	
09:24:53.2	1764321893.2	1.998e+04	1.048e-01	1.050e-01	1	6.147e-08	
09:24:55.2	1764321895.3	2.000e+04	1.048e-01	1.050e-01	1	6.222e-08	
09:24:57.2	1764321897.3	1.998e+04	1.048e-01	1.050e-01	1	6.102e-08	
09:24:59.3	1764321899.4	1.997e+04	1.049e-01	1.050e-01	1	6.123e-08	
09:25:01.3	1764321901.4	1.997e+04	1.049e-01	1.050e-01	1	5.996e-08	
09:25:03.4	1764321903.5	2.002e+04	1.047e-01	1.050e-01	1	6.523e-08	
09:25:05.4	1764321905.5	2.004e+04	1.045e-01	1.050e-01	1	6.910e-08	
09:25:07.5	1764321907.5	2.007e+04	1.044e-01	1.050e-01	1	7.207e-08	
09:25:09.5	1764321909.6	2.005e+04	1.045e-01	1.050e-01	1	7.162e-08	
09:25:11.6	1764321911.6	2.000e+04	1.048e-01	1.050e-01	1	6.836e-08	
09:25:13.6	1764321913.7	1.999e+04	1.048e-01	1.050e-01	1	6.594e-08	
09:25:15.6	1764321915.7	1.999e+04	1.048e-01	1.050e-01	1	6.648e-08	
09:25:17.7	1764321917.8	1.998e+04	1.048e-01	1.050e-01	1	6.788e-08	
09:25:19.7	1764321919.8	1.997e+04	1.049e-01	1.050e-01	1	6.505e-08	
09:25:21.8	1764321921.9	1.997e+04	1.049e-01	1.050e-01	1	6.656e-08	
09:25:23.8	1764321923.9	2.003e+04	1.046e-01	1.050e-01	1	7.103e-08	
09:25:25.9	1764321925.9	2.002e+04	1.047e-01	1.050e-01	1	7.395e-08	
09:25:27.9	1764321928.0	1.997e+04	1.049e-01	1.050e-01	1	6.886e-08	
09:25:30.0	1764321930.0	1.992e+04	1.051e-01	1.050e-01	1	6.403e-08	
09:25:32.0	1764321932.1	1.994e+04	1.050e-01	1.050e-01	1	6.452e-08	
09:25:34.0	1764321934.1	1.993e+04	1.050e-01	1.050e-01	1	6.471e-08	
09:25:36.1	1764321936.2	1.990e+04	1.052e-01	1.050e-01	1	6.225e-08	
09:25:38.1	1764321938.2	1.996e+04	1.049e-01	1.050e-01	1	6.717e-08	
09:25:40.2	1764321940.3	1.999e+04	1.048e-01	1.050e-01	1	6.992e-08	
09:25:42.2	1764321942.3	2.002e+04	1.047e-01	1.050e-01	1	7.256e-08	
09:25:44.3	1764321944.3	1.999e+04	1.048e-01	1.050e-01	1	7.163e-08	
09:25:46.3	1764321946.4	2.003e+04	1.046e-01	1.050e-01	1	7.543e-08	
09:25:48.4	1764321948.4	2.003e+04	1.046e-01	1.050e-01	1	7.691e-08	
09:25:50.4	1764321950.5	2.003e+04	1.046e-01	1.050e-01	1	7.790e-08	
09:25:52.4	1764321952.5	2.004e+04	1.046e-01	1.050e-01	1	7.988e-08	
09:25:54.5	1764321954.6	2.002e+04	1.047e-01	1.050e-01	1	7.820e-08	
09:25:56.5	1764321956.6	2.000e+04	1.048e-01	1.050e-01	1	7.819e-08	
09:25:58.6	1764321958.7	2.001e+04	1.047e-01	1.050e-01	1	7.866e-08	
09:26:00.6	1764321960.7	2.000e+04	1.047e-01	1.050e-01	1	7.948e-08	
09:26:02.7	1764321962.8	2.001e+04	1.047e-01	1.050e-01	1	8.083e-08	
09:26:04.7	1764321964.8	2.002e+04	1.046e-01	1.050e-01	1	8.321e-08	
09:26:06.8	1764321966.8	2.007e+04	1.044e-01	1.050e-01	1	8.951e-08	
09:26:08.8	1764321968.9	2.003e+04	1.046e-01	1.050e-01	1	8.686e-08	
09:26:10.8	1764321970.9	1.999e+04	1.048e-01	1.050e-01	1	8.326e-08	
09:26:12.9	1764321973.0	2.001e+04	1.047e-01	1.050e-01	1	8.605e-08	
09:26:14.9	1764321975.0	2.006e+04	1.045e-01	1.050e-01	1	9.108e-08	
09:26:17.0	1764321977.1	2.002e+04	1.046e-01	1.050e-01	1	9.014e-08	
09:26:19.0	1764321979.1	1.999e+04	1.048e-01	1.050e-01	1	8.673e-08	
09:26:21.1	1764321981.1	2.003e+04	1.046e-01	1.050e-01	1	9.040e-08	
09:26:23.1	1764321983.2	2.005e+04	1.045e-01	1.050e-01	1	9.474e-08	
09:26:25.2	1764321985.2	2.004e+04	1.046e-01	1.050e-01	1	9.719e-08	
09:26:27.2	1764321987.3	2.007e+04	1.044e-01	1.050e-01	1	9.813e-08	
09:26:29.2	1764321989.4	2.009e+04	1.043e-01	1.050e-01	1	1.039e-07	
09:26:31.3	1764321991.4	2.006e+04	1.045e-01	1.050e-01	1	1.018e-07	
09:26:33.3	1764321993.4	2.002e+04	1.047e-01	1.050e-01	1	9.754e-08	
09:26:35.4	1764321995.5	2.002e+04	1.047e-01	1.050e-01	1	9.858e-08	
09:26:37.4	1764321997.5	2.007e+04	1.044e-01	1.050e-01	1	1.056e-07	
09:26:39.5	1764321999.6	2.005e+04	1.045e-01	1.050e-01	1	1.059e-07	
09:26:41.5	1764322001.6	2.004e+04	1.046e-01	1.050e-01	1	1.053e-07	
09:26:43.6	1764322003.7	1.998e+04	1.049e-01	1.050e-01	1	9.961e-08	
09:26:45.6	1764322005.7	1.996e+04	1.049e-01	1.050e-01	1	9.724e-08	
09:26:47.6	1764322007.8	1.996e+04	1.049e-01	1.050e-01	1	9.611e-08	
09:26:49.7	1764322009.8	2.000e+04	1.047e-01	1.050e-01	1	1.024e-07	
09:26:51.7	1764322011.8	1.999e+04	1.048e-01	1.050e-01	1	1.020e-07	
09:26:53.8	1764322013.9	1.999e+04	1.048e-01	1.050e-01	1	1.034e-07	
09:26:55.8	1764322015.9	1.998e+04	1.048e-01	1.050e-01	1	1.019e-07	
09:26:57.9	1764322018.0	2.002e+04	1.047e-01	1.050e-01	1	1.077e-07	
09:26:59.9	1764322020.0	2.004e+04	1.046e-01	1.050e-01	1	1.111e-07	
09:27:02.0	1764322022.1	2.007e+04	1.044e-01	1.050e-01	1	1.172e-07	
09:27:04.0	1764322024.1	2.007e+04	1.044e-01	1.050e-01	1	1.184e-07	
09:27:06.1	1764322026.2	2.009e+04	1.043e-01	1.050e-01	1	1.241e-07	
09:27:08.1	1764322028.2	2.007e+04	1.044e-01	1.050e-01	1	1.229e-07	
09:27:10.1	1764322030.2	2.008e+04	1.044e-01	1.050e-01	1	1.248e-07	
09:27:12.2	1764322032.3	2.005e+04	1.045e-01	1.050e-01	1	1.233e-07	
09:27:14.2	1764322034.3	2.006e+04	1.045e-01	1.050e-01	1	1.258e-07	
09:27:16.3	1764322036.4	2.000e+04	1.047e-01	1.050e-01	1	1.213e-07	
09:27:18.3	1764322038.4	1.998e+04	1.048e-01	1.050e-01	1	1.186e-07	
09:27:20.4	1764322040.5	1.991e+04	1.051e-01	1.050e-01	1	1.097e-07	
09:27:22.4	1764322042.5	1.993e+04	1.051e-01	1.050e-01	1	1.120e-07	
09:27:24.4	1764322044.6	1.988e+04	1.053e-01	1.050e-01	1	1.043e-07	
09:27:26.5	1764322046.6	1.992e+04	1.051e-01	1.050e-01	1	1.113e-07	
09:27:28.5	1764322048.6	1.996e+04	1.049e-01	1.050e-01	1	1.114e-07	
09:27:30.6	1764322050.7	2.002e+04	1.046e-01	1.050e-01	1	1.231e-07	
09:27:32.6	1764322052.7	2.005e+04	1.045e-01	1.050e-01	1	1.254e-07	
09:27:34.7	1764322054.8	2.002e+04	1.047e-01	1.050e-01	1	1.252e-07	
09:27:36.7	1764322056.8	1.998e+04	1.048e-01	1.050e-01	1	1.204e-07	
09:27:38.8	1764322058.9	1.994e+04	1.050e-01	1.050e-01	1	1.133e-07	
09:27:40.8	1764322060.9	1.996e+04	1.049e-01	1.050e-01	1	1.184e-07	
09:27:42.9	1764322063.0	2.003e+04	1.046e-01	1.050e-01	1	1.286e-07	
09:27:44.9	1764322065.0	2.005e+04	1.045e-01	1.050e-01	1	1.316e-07	
09:27:46.9	1764322067.0	2.003e+04	1.046e-01	1.050e-01	1	1.319e-07	
09:27:49.0	1764322069.1	2.003e+04	1.046e-01	1.050e-01	1	1.310e-07	
09:27:51.0	1764322071.1	1.997e+04	1.049e-01	1.050e-01	1	1.267e-07	
09:27:53.1	1764322073.2	1.998e+04	1.048e-01	1.050e-01	1	1.275e-07	
09:27:55.1	1764322075.2	2.001e+04	1.047e-01	1.050e-01	1	1.318e-07	
09:27:57.2	1764322077.3	2.003e+04	1.046e-01	1.050e-01	1	1.335e-07	
09:27:59.2	1764322079.3	2.000e+04	1.048e-01	1.050e-01	1	1.333e-07	
09:28:01.2	1764322081.4	1.998e+04	1.048e-01	1.050e-01	1	1.307e-07	
09:28:03.3	1764322083.4	1.997e+04	1.049e-01	1.050e-01	1	1.311e-07	
09:28:05.3	1764322085.4	2.003e+04	1.046e-01	1.050e-01	1	1.384e-07	
09:28:07.4	1764322087.5	2.004e+04	1.046e-01	1.050e-01	1	1.421e-07	
09:28:09.4	1764322089.5	2.008e+04	1.044e-01	1.050e-01	1	1.460e-07	
09:28:11.5	1764322091.6	2.004e+04	1.046e-01	1.050e-01	1	1.445e-07	
09:28:13.5	1764322093.6	2.006e+04	1.045e-01	1.050e-01	1	1.487e-07	
09:28:15.6	1764322095.7	2.007e+04	1.044e-01	1.050e-01	1	1.526e-07	
09:28:17.6	1764322097.7	2.009e+04	1.044e-01	1.050e-01	1	1.571e-07	
09:28:19.6	1764322099.8	2.006e+04	1.045e-01	1.050e-01	1	1.568e-07	
09:28:21.7	1764322101.8	2.007e+04	1.044e-01	1.050e-01	1	1.589e-07	
09:28:23.7	1764322103.8	2.001e+04	1.047e-01	1.050e-01	1	1.535e-07	
09:28:25.8	1764322105.9	2.005e+04	1.045e-01	1.050e-01	1	1.588e-07	
09:28:27.8	1764322107.9	2.007e+04	1.044e-01	1.050e-01	1	1.611e-07	
09:28:29.9	1764322110.0	2.012e+04	1.042e-01	1.050e-01	1	1.728e-07	
09:28:31.9	1764322112.0	2.013e+04	1.042e-01	1.050e-01	1	1.772e-07	
09:28:34.0	1764322114.1	2.010e+04	1.043e-01	1.050e-01	1	1.762e-07	
09:28:36.0	1764322116.1	2.008e+04	1.044e-01	1.050e-01	1	1.739e-07	
09:28:38.0	1764322118.2	2.008e+04	1.044e-01	1.050e-01	1	1.777e-07	
09:28:40.1	1764322120.2	2.008e+04	1.044e-01	1.050e-01	1	1.802e-07	
09:28:42.1	1764322122.2	2.003e+04	1.046e-01	1.050e-01	1	1.765e-07	
09:28:44.2	1764322124.3	1.998e+04	1.048e-01	1.050e-01	1	1.664e-07	
09:28:46.2	1764322126.3	2.002e+04	1.046e-01	1.050e-01	1	1.742e-07	
09:28:48.3	1764322128.4	2.002e+04	1.046e-01	1.050e-01	1	1.761e-07	
09:28:50.3	1764322130.4	2.003e+04	1.046e-01	1.050e-01	1	1.783e-07	
09:28:52.4	1764322132.5	2.002e+04	1.047e-01	1.050e-01	1	1.783e-07	
09:28:54.4	1764322134.5	2.003e+04	1.046e-01	1.050e-01	1	1.792e-07	
09:28:56.4	1764322136.6	2.007e+04	1.044e-01	1.050e-01	1	1.889e-07	
09:28:58.5	1764322138.6	2.010e+04	1.043e-01	1.050e-01	1	1.940e-07	
09:29:00.6	1764322140.6	2.009e+04	1.044e-01	1.050e-01	1	1.940e-07	
09:29:02.6	1764322142.7	2.006e+04	1.045e-01	1.050e-01	1	1.937e-07	
09:29:04.6	1764322144.7	2.006e+04	1.045e-01	1.050e-01	1	1.940e-07	
09:29:06.7	1764322146.8	2.003e+04	1.046e-01	1.050e-01	1	1.940e-07	
09:29:08.7	1764322148.8	2.003e+04	1.046e-01	1.050e-01	1	1.940e-07	
09:29:10.8	1764322150.9	1.999e+04	1.048e-01	1.050e-01	1	1.910e-07	
09:29:12.8	1764322152.9	2.004e+04	1.046e-01	1.050e-01	1	1.940e-07	
09:29:14.9	1764322154.9	2.003e+04	1.046e-01	1.050e-01	1	1.940e-07	
09:29:16.9	1764322157.0	2.005e+04	1.045e-01	1.050e-01	1	1.940e-07	
09:29:18.9	1764322159.0	2.005e+04	1.045e-01	1.050e-01	1	1.940e-07	
09:29:21.0	1764322161.1	2.005e+04	1.045e-01	1.050e-01	1	1.940e-07	
09:29:23.1	1764322163.2	2.003e+04	1.046e-01	1.050e-01	1	1.940e-07	
09:29:25.1	1764322165.2	1.999e+04	1.048e-01	1.050e-01	1	1.940e-07	
09:29:27.1	1764322167.2	2.000e+04	1.047e-01	1.050e-01	1	1.940e-07	
09:29:29.2	1764322169.3	2.005e+04	1.045e-01	1.050e-01	1	1.940e-07	
09:29:31.2	1764322171.3	2.009e+04	1.043e-01	1.050e-01	1	1.940e-07	
09:29:33.3	1764322173.4	2.007e+04	1.044e-01	1.050e-01	1	1.940e-07	
09:29:35.3	1764322175.5	2.003e+04	1.046e-01	1.050e-01	1	1.940e-07	
09:29:37.4	1764322177.5	1.999e+04	1.048e-01	1.050e-01	1	1.940e-07	
09:29:39.4	1764322179.5	2.001e+04	1.047e-01	1.050e-01	1	1.940e-07	
09:29:41.5	1764322181.6	2.001e+04	1.047e-01	1.050e-01	1	1.940e-07	
09:29:43.5	1764322183.6	2.000e+04	1.047e-01	1.050e-01	1	1.940e-07	
09:29:45.6	1764322185.7	2.002e+04	1.046e-01	1.050e-01	1	1.940e-07	
09:29:47.6	1764322187.7	2.000e+04	1.047e-01	1.050e-01	1	1.940e-07	
09:29:49.7	1764322189.7	1.999e+04	1.048e-01	1.050e-01	1	1.940e-07	
09:29:51.7	1764322191.8	1.999e+04	1.048e-01	1.050e-01	1	1.940e-07	
09:29:53.7	1764322193.9	1.997e+04	1.049e-01	1.050e-01	1	1.940e-07	
09:29:55.8	1764322195.9	1.997e+04	1.049e-01	1.050e-01	1	1.940e-07	
09:29:57.9	1764322198.0	1.999e+04	1.048e-01	1.050e-01	1	1.940e-07	
09:29:59.9	1764322200.0	2.003e+04	1.046e-01	1.050e-01	1	1.940e-07	
09:30:02.0	1764322202.0	2.004e+04	1.046e-01	1.050e-01	1	1.940e-07	
09:30:04.0	1764322204.1	2.003e+04	1.046e-01	1.050e-01	1	1.940e-07	
09:30:06.0	1764322206.1	2.000e+04	1.047e-01	1.050e-01	1	1.940e-07	
09:30:08.1	1764322208.2	1.998e+04	1.048e-01	1.050e-01	1	1.940e-07	
09:30:10.1	1764322210.2	1.995e+04	1.050e-01	1.050e-01	1	1.940e-07	
09:30:12.1	1764322212.2	1.996e+04	1.049e-01	1.050e-01	1	1.940e-07	
09:30:14.2	1764322214.3	1.997e+04	1.049e-01	1.050e-01	1	1.940e-07	
09:30:16.2	1764322216.3	2.000e+04	1.047e-01	1.050e-01	1	1.940e-07	
09:30:18.3	1764322218.4	1.996e+04	1.049e-01	1.050e-01	1	1.940e-07	
09:30:20.3	1764322220.4	1.998e+04	1.048e-01	1.050e-01	1	1.940e-07	
09:30:22.4	1764322222.5	1.997e+04	1.049e-01	1.050e-01	1	1.940e-07	
09:30:24.4	1764322224.5	1.996e+04	1.049e-01	1.050e-01	1	1.940e-07	
09:30:26.4	1764322226.5	1.996e+04	1.049e-01	1.050e-01	1	1.940e-07	
09:30:28.5	1764322228.6	2.003e+04	1.046e-01	1.050e-01	1	1.940e-07	
09:30:30.5	1764322230.6	2.004e+04	1.046e-01	1.050e-01	1	1.940e-07	
09:30:32.6	1764322232.7	2.005e+04	1.045e-01	1.050e-01	1	1.940e-07	
09:30:34.7	1764322234.8	2.004e+04	1.046e-01	1.050e-01	1	1.940e-07	
09:30:36.7	1764322236.8	2.004e+04	1.046e-01	1.050e-01	1	1.940e-07	
09:30:38.7	1764322238.8	2.002e+04	1.046e-01	1.050e-01	1	1.940e-07	
09:30:40.8	1764322240.9	1.999e+04	1.048e-01	1.050e-01	1	1.940e-07	
09:30:42.8	1764322242.9	2.003e+04	1.046e-01	1.050e-01	1	1.940e-07	
09:30:44.9	1764322245.0	2.005e+04	1.045e-01	1.050e-01	1	1.940e-07	
09:30:46.9	1764322247.0	2.006e+04	1.045e-01	1.050e-01	1	1.940e-07	
09:30:49.0	1764322249.0	2.010e+04	1.043e-01	1.050e-01	1	1.940e-07	
09:30:51.0	1764322251.2	2.007e+04	1.044e-01	1.050e-01	1	1.940e-07	
09:30:53.1	1764322253.2	2.002e+04	1.046e-01	1.050e-01	1	1.940e-07	
09:30:55.1	1764322255.2	2.002e+04	1.046e-01	1.050e-01	1	1.940e-07	
09:30:57.2	1764322257.3	2.001e+04	1.047e-01	1.050e-01	1	1.940e-07	
09:30:59.2	1764322259.3	1.999e+04	1.048e-01	1.050e-01	1	1.940e-07	
09:31:01.3	1764322261.3	1.999e+04	1.048e-01	1.050e-01	1	1.940e-07	
09:31:03.3	1764322263.5	1.996e+04	1.049e-01	1.050e-01	1	1.940e-07	
09:31:05.4	1764322265.5	1.996e+04	1.049e-01	1.050e-01	1	1.940e-07	
09:31:07.4	1764322267.5	1.995e+04	1.050e-01	1.050e-01	1	1.940e-07	
09:31:09.5	1764322269.6	1.995e+04	1.050e-01	1.050e-01	1	1.940e-07	
09:31:11.5	1764322271.6	1.998e+04	1.048e-01	1.050e-01	1	1.940e-07	
09:31:13.6	1764322273.6	1.999e+04	1.048e-01	1.050e-01	1	1.940e-07	
09:31:15.6	1764322275.7	2.001e+04	1.047e-01	1.050e-01	1	1.940e-07	
09:31:17.7	1764322277.7	2.000e+04	1.047e-01	1.050e-01	1	1.940e-07	
09:31:19.7	1764322279.8	1.998e+04	1.048e-01	1.050e-01	1	1.940e-07	
09:31:21.7	1764322281.8	1.996e+04	1.049e-01	1.050e-01	1	1.940e-07	
09:31:23.8	1764322283.9	2.000e+04	1.047e-01	1.050e-01	1	1.940e-07	
09:31:25.9	1764322286.0	1.999e+04	1.048e-01	1.050e-01	1	1.940e-07	
09:31:27.9	1764322288.0	1.995e+04	1.050e-01	1.050e-01	1	1.940e-07	
09:31:29.9	1764322290.0	1.996e+04	1.049e-01	1.050e-01	1	1.940e-07	
09:31:32.0	1764322292.2	2.000e+04	1.048e-01	1.050e-01	1	1.940e-07	
09:31:34.1	1764322294.2	2.002e+04	1.046e-01	1.050e-01	1	1.940e-07	
09:31:36.2	1764322296.3	2.007e+04	1.044e-01	1.050e-01	1	1.940e-07	
09:31:38.2	1764322298.3	2.001e+04	1.047e-01	1.050e-01	1	1.940e-07	
09:31:40.2	1764322300.3	2.000e+04	1.048e-01	1.050e-01	1	1.940e-07	
09:31:42.3	1764322302.4	1.995e+04	1.050e-01	1.050e-01	1	1.940e-07	
09:31:44.3	1764322304.4	1.992e+04	1.051e-01	1.050e-01	1	1.911e-07	
09:31:46.4	1764322306.5	1.994e+04	1.050e-01	1.050e-01	1	1.933e-07	
09:31:48.4	1764322308.5	1.997e+04	1.049e-01	1.050e-01	1	1.940e-07	
09:31:50.5	1764322310.5	1.999e+04	1.048e-01	1.050e-01	1	1.940e-07	
09:31:52.5	1764322312.6	1.994e+04	1.050e-01	1.050e-01	1	1.920e-07	
09:31:54.5	1764322314.6	1.996e+04	1.049e-01	1.050e-01	1	1.940e-07	
09:31:56.6	1764322316.7	1.996e+04	1.049e-01	1.050e-01	1	1.940e-07	
09:31:58.7	1764322318.8	1.994e+04	1.050e-01	1.050e-01	1	1.940e-07	
09:32:00.7	1764322320.8	1.986e+04	1.054e-01	1.050e-01	1	1.807e-07	
09:32:02.8	1764322322.8	1.995e+04	1.050e-01	1.050e-01	1	1.898e-07	
09:32:04.8	1764322324.9	2.004e+04	1.046e-01	1.050e-01	1	1.940e-07	
09:32:06.8	1764322327.0	2.004e+04	1.046e-01	1.050e-01	1	1.940e-07	
09:32:08.9	1764322329.0	1.993e+04	1.051e-01	1.050e-01	1	1.937e-07	
09:32:10.9	1764322331.0	1.990e+04	1.052e-01	1.050e-01	1	1.862e-07	
09:32:13.0	1764322333.1	1.990e+04	1.052e-01	1.050e-01	1	1.837e-07	
09:32:15.0	1764322335.1	1.991e+04	1.052e-01	1.050e-01	1	1.859e-07	
09:32:17.1	1764322337.2	1.992e+04	1.051e-01	1.050e-01	1	1.865e-07	
09:32:19.1	1764322339.2	1.993e+04	1.051e-01	1.050e-01	1	1.883e-07	
09:32:21.1	1764322341.2	1.991e+04	1.051e-01	1.050e-01	1	1.861e-07	
09:32:23.2	1764322343.2	1.992e+04	1.051e-01	1.050e-01	1	1.850e-07	
09:32:25.2	1764322345.4	1.995e+04	1.050e-01	1.050e-01	1	1.891e-07	
09:32:27.3	1764322347.4	2.000e+04	1.047e-01	1.050e-01	1	1.940e-07	
09:32:29.3	1764322349.4	2.004e+04	1.046e-01	1.050e-01	1	1.940e-07	
09:32:31.4	1764322351.4	1.996e+04	1.049e-01	1.050e-01	1	1.940e-07	
09:32:33.4	1764322353.5	1.996e+04	1.049e-01	1.050e-01	1	1.940e-07	
09:32:35.4	1764322355.5	1.994e+04	1.050e-01	1.050e-01	1	1.933e-07	
09:32:37.5	1764322357.6	1.993e+04	1.051e-01	1.050e-01	1	1.920e-07	
09:32:39.5	1764322359.6	1.988e+04	1.053e-01	1.050e-01	1	1.847e-07	
09:32:41.5	1764322361.8	1.989e+04	1.053e-01	1.050e-01	1	1.827e-07	
09:32:43.7	1764322363.8	1.991e+04	1.051e-01	1.050e-01	1	1.852e-07	
09:32:45.7	1764322365.8	1.995e+04	1.050e-01	1.050e-01	1	1.927e-07	
09:32:47.8	1764322367.9	1.997e+04	1.049e-01	1.050e-01	1	1.940e-07	
09:32:49.8	1764322369.9	1.999e+04	1.048e-01	1.050e-01	1	1.940e-07	
09:32:51.9	1764322372.0	2.005e+04	1.045e-01	1.050e-01	1	1.940e-07	
09:32:53.9	1764322374.0	1.997e+04	1.049e-01	1.050e-01	1	1.940e-07	
09:32:56.0	1764322376.0	1.996e+04	1.049e-01	1.050e-01	1	1.940e-07	
09:32:58.0	1764322378.1	1.988e+04	1.053e-01	1.050e-01	1	1.825e-07	
09:33:00.0	1764322380.1	1.991e+04	1.052e-01	1.050e-01	1	1.841e-07	
09:33:02.1	1764322382.2	1.994e+04	1.050e-01	1.050e-01	1	1.888e-07	
09:33:04.1	1764322384.2	1.999e+04	1.048e-01	1.050e-01	1	1.940e-07	
09:33:06.2	1764322386.3	1.993e+04	1.051e-01	1.050e-01	1	1.929e-07	
09:33:08.2	1764322388.3	1.988e+04	1.053e-01	1.050e-01	1	1.831e-07	
09:33:10.2	1764322390.3	1.994e+04	1.050e-01	1.050e-01	1	1.923e-07	
09:33:12.3	1764322392.4	2.000e+04	1.048e-01	1.050e-01	1	1.940e-07	
09:33:14.3	1764322394.4	1.997e+04	1.049e-01	1.050e-01	1	1.940e-07	
09:33:16.4	1764322396.4	1.993e+04	1.051e-01	1.050e-01	1	1.916e-07	
09:33:18.4	1764322398.5	1.995e+04	1.050e-01	1.050e-01	1	1.931e-07	
09:33:20.5	1764322400.6	1.997e+04	1.049e-01	1.050e-01	1	1.940e-07	
09:33:22.5	1764322402.6	1.995e+04	1.050e-01	1.050e-01	1	1.936e-07	
09:33:24.5	1764322404.6	1.993e+04	1.050e-01	1.050e-01	1	1.929e-07	
09:33:26.6	1764322406.7	1.990e+04	1.052e-01	1.050e-01	1	1.866e-07	
09:33:28.6	1764322408.7	1.991e+04	1.051e-01	1.050e-01	1	1.891e-07	
09:33:30.7	1764322410.8	1.994e+04	1.050e-01	1.050e-01	1	1.923e-07	
09:33:32.7	1764322412.8	1.991e+04	1.051e-01	1.050e-01	1	1.891e-07	
09:33:34.8	1764322414.9	1.992e+04	1.051e-01	1.050e-01	1	1.870e-07	
09:33:36.8	1764322416.9	1.991e+04	1.051e-01	1.050e-01	1	1.852e-07	
09:33:38.9	1764322419.0	1.996e+04	1.049e-01	1.050e-01	1	1.915e-07	
09:33:40.9	1764322421.0	1.996e+04	1.049e-01	1.050e-01	1	1.928e-07	
09:33:42.9	1764322423.1	1.997e+04	1.049e-01	1.050e-01	1	1.940e-07	
09:33:45.0	1764322425.1	1.997e+04	1.049e-01	1.050e-01	1	1.940e-07	
09:33:47.0	1764322427.1	2.000e+04	1.047e-01	1.050e-01	1	1.940e-07	
09:33:49.1	1764322429.2	1.998e+04	1.049e-01	1.050e-01	1	1.940e-07	
09:33:51.1	1764322431.2	1.992e+04	1.051e-01	1.050e-01	1	1.929e-07	
09:33:53.2	1764322433.2	1.989e+04	1.052e-01	1.050e-01	1	1.824e-07	
09:33:55.2	1764322435.3	1.990e+04	1.052e-01	1.050e-01	1	1.828e-07	
09:33:57.3	1764322437.3	1.994e+04	1.050e-01	1.050e-01	1	1.907e-07	
09:33:59.3	1764322439.4	1.996e+04	1.049e-01	1.050e-01	1	1.934e-07	
09:34:01.3	1764322441.4	1.998e+04	1.048e-01	1.050e-01	1	1.940e-07	
09:34:03.4	1764322443.5	2.000e+04	1.048e-01	1.050e-01	1	1.940e-07	
09:34:05.4	1764322445.5	2.000e+04	1.047e-01	1.050e-01	1	1.940e-07	
09:34:07.5	1764322447.6	1.998e+04	1.048e-01	1.050e-01	1	1.940e-07	
09:34:09.5	1764322449.6	1.997e+04	1.049e-01	1.050e-01	1	1.940e-07	
09:34:11.5	1764322451.6	1.996e+04	1.049e-01	1.050e-01	1	1.940e-07	
09:34:13.6	1764322453.7	2.002e+04	1.047e-01	1.050e-01	1	1.940e-07	
09:34:15.6	1764322455.7	1.998e+04	1.048e-01	1.050e-01	1	1.940e-07	
09:34:17.7	1764322457.8	1.995e+04	1.050e-01	1.050e-01	1	1.940e-07	
09:34:19.7	1764322459.8	1.989e+04	1.052e-01	1.050e-01	1	1.864e-07	
09:34:21.7	1764322461.9	1.986e+04	1.054e-01	1.050e-01	1	1.814e-07	
09:34:23.8	1764322463.9	1.985e+04	1.054e-01	1.050e-01	1	1.764e-07	
09:34:25.9	1764322465.9	1.990e+04	1.052e-01	1.050e-01	1	1.820e-07	
09:34:27.9	1764322468.0	1.997e+04	1.049e-01	1.050e-01	1	1.925e-07	
09:34:29.9	1764322470.0	1.992e+04	1.051e-01	1.050e-01	1	1.857e-07	
09:34:32.0	1764322472.1	1.994e+04	1.050e-01	1.050e-01	1	1.886e-07	
09:34:34.0	1764322474.1	1.998e+04	1.048e-01	1.050e-01	1	1.936e-07	
09:34:36.1	1764322476.2	2.002e+04	1.047e-01	1.050e-01	1	1.940e-07	
09:34:38.1	1764322478.2	1.997e+04	1.049e-01	1.050e-01	1	1.940e-07	
09:34:40.1	1764322480.2	1.994e+04	1.050e-01	1.050e-01	1	1.920e-07	
09:34:42.2	1764322482.3	1.992e+04	1.051e-01	1.050e-01	1	1.881e-07	
09:34:44.2	1764322484.3	1.995e+04	1.050e-01	1.050e-01	1	1.922e-07	
09:34:46.3	1764322486.3	1.993e+04	1.051e-01	1.050e-01	1	1.887e-07	
09:34:48.3	1764322488.4	1.994e+04	1.050e-01	1.050e-01	1	1.935e-07	
09:34:50.3	1764322490.4	1.996e+04	1.049e-01	1.050e-01	1	1.940e-07	
09:34:52.4	1764322492.5	1.992e+04	1.051e-01	1.050e-01	1	1.912e-07	
09:34:54.4	1764322494.5	1.994e+04	1.050e-01	1.050e-01	1	1.926e-07	
09:34:56.5	1764322496.6	1.997e+04	1.049e-01	1.050e-01	1	1.940e-07	
09:34:58.5	1764322498.6	1.997e+04	1.049e-01	1.050e-01	1	1.940e-07	
09:35:00.6	1764322500.6	1.994e+04	1.050e-01	1.050e-01	1	1.912e-07	
09:35:02.6	1764322502.7	1.994e+04	1.050e-01	1.050e-01	1	1.900e-07	
09:35:04.7	1764322504.7	1.995e+04	1.050e-01	1.050e-01	1	1.921e-07	
09:35:06.7	1764322506.8	1.988e+04	1.053e-01	1.050e-01	1	1.825e-07	
09:35:08.7	1764322508.9	1.983e+04	1.055e-01	1.050e-01	1	1.728e-07	
09:35:10.8	1764322510.9	1.988e+04	1.053e-01	1.050e-01	1	1.741e-07	
09:35:12.8	1764322512.9	1.993e+04	1.051e-01	1.050e-01	1	1.867e-07	
09:35:14.9	1764322515.0	1.992e+04	1.051e-01	1.050e-01	1	1.857e-07	
09:35:16.9	1764322517.0	1.988e+04	1.053e-01	1.050e-01	1	1.769e-07	
09:35:19.0	1764322519.0	1.987e+04	1.053e-01	1.050e-01	1	1.742e-07	
09:35:21.0	1764322521.1	1.984e+04	1.055e-01	1.050e-01	1	1.670e-07	
09:35:23.1	1764322523.1	1.982e+04	1.055e-01	1.050e-01	1	1.623e-07	
09:35:25.1	1764322525.2	1.986e+04	1.054e-01	1.050e-01	1	1.665e-07	
09:35:27.1	1764322527.2	1.989e+04	1.052e-01	1.050e-01	1	1.710e-07	
09:35:29.2	1764322529.3	1.998e+04	1.048e-01	1.050e-01	1	1.869e-07	
09:35:31.2	1764322531.3	2.002e+04	1.046e-01	1.050e-01	1	1.908e-07	
09:35:33.3	1764322533.4	2.003e+04	1.046e-01	1.050e-01	1	1.940e-07	
09:35:35.3	1764322535.4	2.007e+04	1.044e-01	1.050e-01	1	1.940e-07	
09:35:37.4	1764322537.4	2.006e+04	1.045e-01	1.050e-01	1	1.940e-07	
09:35:39.4	1764322539.5	1.998e+04	1.048e-01	1.050e-01	1	1.937e-07	
09:35:41.4	1764322541.5	1.992e+04	1.051e-01	1.050e-01	1	1.844e-07	
09:35:43.5	1764322543.6	1.988e+04	1.053e-01	1.050e-01	1	1.742e-07	
09:35:45.5	1764322545.6	1.992e+04	1.051e-01	1.050e-01	1	1.804e-07	
09:35:47.6	1764322547.7	1.990e+04	1.052e-01	1.050e-01	1	1.788e-07	
09:35:49.6	1764322549.7	1.988e+04	1.053e-01	1.050e-01	1	1.723e-07	
09:35:51.6	1764322551.8	1.991e+04	1.051e-01	1.050e-01	1	1.761e-07	
09:35:53.7	1764322553.8	1.995e+04	1.050e-01	1.050e-01	1	1.821e-07	
09:35:55.8	1764322555.8	1.996e+04	1.049e-01	1.050e-01	1	1.858e-07	
09:35:57.8	1764322557.9	1.987e+04	1.053e-01	1.050e-01	1	1.714e-07	
09:35:59.8	1764322559.9	1.988e+04	1.053e-01	1.050e-01	1	1.706e-07	
09:36:01.9	1764322562.0	1.984e+04	1.055e-01	1.050e-01	1	1.639e-07	
09:36:03.9	1764322564.0	1.986e+04	1.054e-01	1.050e-01	1	1.632e-07	
09:36:06.0	1764322566.1	1.979e+04	1.057e-01	1.050e-01	1	1.545e-07	
09:36:08.0	1764322568.1	1.981e+04	1.056e-01	1.050e-01	1	1.566e-07	
09:36:10.0	1764322570.2	1.980e+04	1.057e-01	1.050e-01	1	1.484e-07	
09:36:12.1	1764322572.2	1.982e+04	1.056e-01	1.050e-01	1	1.519e-07	
09:36:14.1	1764322574.2	1.983e+04	1.055e-01	1.050e-01	1	1.507e-07	
09:36:16.2	1764322576.3	1.986e+04	1.054e-01	1.050e-01	1	1.526e-07	
09:36:18.3	1764322578.3	1.992e+04	1.051e-01	1.050e-01	1	1.591e-07	
09:36:20.3	1764322580.4	1.987e+04	1.053e-01	1.050e-01	1	1.545e-07	
09:36:22.3	1764322582.4	1.986e+04	1.054e-01	1.050e-01	1	1.503e-07	
09:36:24.4	1764322584.5	1.989e+04	1.053e-01	1.050e-01	1	1.508e-07	
09:36:26.4	1764322586.5	1.992e+04	1.051e-01	1.050e-01	1	1.578e-07	
09:36:28.4	1764322588.6	1.998e+04	1.048e-01	1.050e-01	1	1.658e-07	
09:36:30.5	1764322590.6	1.994e+04	1.050e-01	1.050e-01	1	1.625e-07	
09:36:32.6	1764322592.6	1.991e+04	1.051e-01	1.050e-01	1	1.592e-07	
09:36:34.6	1764322594.7	1.986e+04	1.054e-01	1.050e-01	1	1.494e-07	
09:36:36.7	1764322596.7	1.987e+04	1.053e-01	1.050e-01	1	1.520e-07	
09:36:38.7	1764322598.8	1.986e+04	1.054e-01	1.050e-01	1	1.485e-07	
09:36:40.7	1764322600.8	1.985e+04	1.054e-01	1.050e-01	1	1.405e-07	
09:36:42.8	1764322602.9	1.987e+04	1.053e-01	1.050e-01	1	1.429e-07	
09:36:44.8	1764322604.9	1.991e+04	1.052e-01	1.050e-01	1	1.471e-07	
09:36:46.9	1764322607.0	1.986e+04	1.054e-01	1.050e-01	1	1.425e-07	
09:36:48.9	1764322609.0	1.985e+04	1.054e-01	1.050e-01	1	1.376e-07	
09:36:51.0	1764322611.0	1.989e+04	1.053e-01	1.050e-01	1	1.418e-07	
09:36:53.0	1764322613.1	1.993e+04	1.051e-01	1.050e-01	1	1.481e-07	
09:36:55.1	1764322615.1	1.993e+04	1.051e-01	1.050e-01	1	1.464e-07	
09:36:57.1	1764322617.2	1.987e+04	1.053e-01	1.050e-01	1	1.383e-07	
09:36:59.1	1764322619.2	1.988e+04	1.053e-01	1.050e-01	1	1.382e-07	
09:37:01.2	1764322621.3	1.989e+04	1.052e-01	1.050e-01	1	1.386e-07	
09:37:03.2	1764322623.3	1.996e+04	1.049e-01	1.050e-01	1	1.488e-07	
09:37:05.3	1764322625.4	1.992e+04	1.051e-01	1.050e-01	1	1.448e-07	
09:37:07.3	1764322627.4	1.987e+04	1.053e-01	1.050e-01	1	1.345e-07	
09:37:09.4	1764322629.4	1.988e+04	1.053e-01	1.050e-01	1	1.337e-07	
09:37:11.4	1764322631.5	1.990e+04	1.052e-01	1.050e-01	1	1.373e-07	
09:37:13.5	1764322633.5	1.994e+04	1.050e-01	1.050e-01	1	1.427e-07	
09:37:15.5	1764322635.6	1.991e+04	1.051e-01	1.050e-01	1	1.398e-07	
09:37:17.5	1764322637.7	1.991e+04	1.051e-01	1.050e-01	1	1.400e-07	
09:37:19.6	1764322639.7	1.994e+04	1.050e-01	1.050e-01	1	1.427e-07	
09:37:21.6	1764322641.7	1.993e+04	1.051e-01	1.050e-01	1	1.427e-07	
09:37:23.7	1764322643.8	1.980e+04	1.057e-01	1.050e-01	1	1.246e-07	
09:37:25.7	1764322645.8	1.972e+04	1.060e-01	1.050e-01	1	1.110e-07	
09:37:27.8	1764322647.9	1.970e+04	1.061e-01	1.050e-01	1	1.043e-07	
09:37:29.8	1764322649.9	1.980e+04	1.056e-01	1.050e-01	1	1.126e-07	
09:37:31.9	1764322652.0	1.988e+04	1.053e-01	1.050e-01	1	1.228e-07	
09:37:33.9	1764322654.0	1.996e+04	1.049e-01	1.050e-01	1	1.319e-07	
09:37:35.9	1764322656.1	1.992e+04	1.051e-01	1.050e-01	1	1.295e-07	
09:37:38.0	1764322658.1	1.987e+04	1.053e-01	1.050e-01	1	1.228e-07	
09:37:40.0	1764322660.1	1.983e+04	1.055e-01	1.050e-01	1	1.148e-07	
09:37:42.1	1764322662.2	1.979e+04	1.057e-01	1.050e-01	1	1.079e-07	
09:37:44.1	1764322664.2	1.979e+04	1.057e-01	1.050e-01	1	1.080e-07	
09:37:46.2	1764322666.3	1.981e+04	1.056e-01	1.050e-01	1	1.065e-07	
09:37:48.2	1764322668.3	1.980e+04	1.057e-01	1.050e-01	1	1.031e-07	
09:37:50.3	1764322670.4	1.989e+04	1.052e-01	1.050e-01	1	1.127e-07	
09:37:52.3	1764322672.4	1.983e+04	1.055e-01	1.050e-01	1	1.037e-07	
09:37:54.3	1764322674.5	1.987e+04	1.054e-01	1.050e-01	1	1.082e-07	
09:37:56.4	1764322676.5	1.981e+04	1.056e-01	1.050e-01	1	9.883e-08	
09:37:58.4	1764322678.5	1.993e+04	1.050e-01	1.050e-01	1	1.122e-07	
09:38:00.5	1764322680.6	1.990e+04	1.052e-01	1.050e-01	1	1.087e-07	
09:38:02.6	1764322682.6	1.990e+04	1.052e-01	1.050e-01	1	1.103e-07	
09:38:04.6	1764322684.7	1.985e+04	1.054e-01	1.050e-01	1	1.030e-07	
09:38:06.6	1764322686.7	1.980e+04	1.057e-01	1.050e-01	1	9.349e-08	
09:38:08.7	1764322688.8	1.983e+04	1.055e-01	1.050e-01	1	9.735e-08	
09:38:10.7	1764322690.8	1.988e+04	1.053e-01	1.050e-01	1	9.898e-08	
09:38:12.8	1764322692.9	1.986e+04	1.054e-01	1.050e-01	1	9.847e-08	
09:38:14.8	1764322694.9	1.987e+04	1.053e-01	1.050e-01	1	9.580e-08	
09:38:16.8	1764322696.9	1.989e+04	1.052e-01	1.050e-01	1	9.998e-08	
09:38:18.9	1764322699.0	1.992e+04	1.051e-01	1.050e-01	1	1.036e-07	
09:38:20.9	1764322701.0	1.983e+04	1.055e-01	1.050e-01	1	9.458e-08	
09:38:23.0	1764322703.1	1.980e+04	1.057e-01	1.050e-01	1	8.557e-08	
09:38:25.0	1764322705.1	1.978e+04	1.057e-01	1.050e-01	1	8.067e-08	
09:38:27.1	1764322707.2	1.983e+04	1.055e-01	1.050e-01	1	8.649e-08	
09:38:29.1	1764322709.2	1.987e+04	1.053e-01	1.050e-01	1	8.957e-08	
09:38:31.1	1764322711.3	1.994e+04	1.050e-01	1.050e-01	1	9.770e-08	
09:38:33.2	1764322713.3	1.989e+04	1.052e-01	1.050e-01	1	9.283e-08	
09:38:35.2	1764322715.3	1.987e+04	1.054e-01	1.050e-01	1	8.905e-08	
09:38:37.3	1764322717.4	1.986e+04	1.054e-01	1.050e-01	1	8.582e-08	
09:38:39.3	1764322719.4	1.993e+04	1.051e-01	1.050e-01	1	9.065e-08	
09:38:41.4	1764322721.5	1.997e+04	1.049e-01	1.050e-01	1	9.914e-08	
09:38:43.4	1764322723.5	1.997e+04	1.049e-01	1.050e-01	1	9.886e-08	
09:38:45.5	1764322725.6	1.990e+04	1.052e-01	1.050e-01	1	9.298e-08	
09:38:47.5	1764322727.6	1.987e+04	1.054e-01	1.050e-01	1	8.483e-08	
09:38:49.6	1764322729.7	1.992e+04	1.051e-01	1.050e-01	1	8.968e-08	
09:38:51.6	1764322731.7	1.996e+04	1.049e-01	1.050e-01	1	9.362e-08	
09:38:53.6	1764322733.7	1.995e+04	1.050e-01	1.050e-01	1	9.594e-08	
09:38:55.7	1764322735.8	1.990e+04	1.052e-01	1.050e-01	1	8.937e-08	
09:38:57.7	1764322737.8	1.985e+04	1.054e-01	1.050e-01	1	8.288e-08	
09:38:59.8	1764322739.9	1.984e+04	1.055e-01	1.050e-01	1	8.155e-08	
09:39:01.8	1764322741.9	1.986e+04	1.054e-01	1.050e-01	1	7.969e-08	
09:39:03.9	1764322744.0	1.992e+04	1.051e-01	1.050e-01	1	8.697e-08	
09:39:05.9	1764322746.0	1.986e+04	1.054e-01	1.050e-01	1	8.214e-08	
09:39:07.9	1764322748.1	1.982e+04	1.056e-01	1.050e-01	1	7.529e-08	
09:39:10.0	1764322750.1	1.980e+04	1.056e-01	1.050e-01	1	6.989e-08	
09:39:12.0	1764322752.1	1.988e+04	1.053e-01	1.050e-01	1	7.561e-08	
09:39:14.1	1764322754.2	1.988e+04	1.053e-01	1.050e-01	1	7.687e-08	
09:39:16.1	1764322756.2	1.989e+04	1.052e-01	1.050e-01	1	7.790e-08	
09:39:18.2	1764322758.3	1.988e+04	1.053e-01	1.050e-01	1	7.552e-08	
09:39:20.2	1764322760.3	1.993e+04	1.051e-01	1.050e-01	1	8.036e-08	
09:39:22.3	1764322762.4	1.994e+04	1.050e-01	1.050e-01	1	8.083e-08	
09:39:24.3	1764322764.4	1.990e+04	1.052e-01	1.050e-01	1	7.717e-08	
09:39:26.3	1764322766.5	1.988e+04	1.053e-01	1.050e-01	1	7.562e-08	
09:39:28.4	1764322768.5	1.986e+04	1.054e-01	1.050e-01	1	7.217e-08	
09:39:30.5	1764322770.5	1.986e+04	1.054e-01	1.050e-01	1	7.059e-08	
09:39:32.5	1764322772.6	1.993e+04	1.051e-01	1.050e-01	1	7.716e-08	
09:39:34.6	1764322774.6	1.992e+04	1.051e-01	1.050e-01	1	7.891e-08	
09:39:36.6	1764322776.7	1.987e+04	1.053e-01	1.050e-01	1	7.284e-08	
09:39:38.6	1764322778.7	1.988e+04	1.053e-01	1.050e-01	1	7.213e-08	
09:39:40.7	1764322780.8	1.987e+04	1.053e-01	1.050e-01	1	7.136e-08	
09:39:42.7	1764322782.8	1.989e+04	1.053e-01	1.050e-01	1	7.163e-08	
09:39:44.7	1764322784.9	1.981e+04	1.056e-01	1.050e-01	1	6.238e-08	
09:39:46.8	1764322786.9	1.989e+04	1.052e-01	1.050e-01	1	6.984e-08	
09:39:48.8	1764322788.9	1.984e+04	1.055e-01	1.050e-01	1	6.260e-08	
09:39:50.9	1764322791.0	1.990e+04	1.052e-01	1.050e-01	1	6.919e-08	
09:39:53.0	1764322793.0	1.986e+04	1.054e-01	1.050e-01	1	6.382e-08	
09:39:55.0	1764322795.1	1.985e+04	1.054e-01	1.050e-01	1	6.347e-08	
09:39:57.0	1764322797.1	1.984e+04	1.055e-01	1.050e-01	1	6.006e-08	
09:39:59.1	1764322799.2	1.988e+04	1.053e-01	1.050e-01	1	6.372e-08	
09:40:01.1	1764322801.2	1.995e+04	1.050e-01	1.050e-01	1	6.985e-08	
09:40:03.2	1764322803.3	1.996e+04	1.049e-01	1.050e-01	1	7.240e-08	
09:40:05.2	1764322805.3	1.995e+04	1.050e-01	1.050e-01	1	7.142e-08	
09:40:07.3	1764322807.3	1.996e+04	1.049e-01	1.050e-01	1	6.952e-08	
09:40:09.3	1764322809.4	1.995e+04	1.050e-01	1.050e-01	1	7.010e-08	
09:40:11.4	1764322811.4	1.992e+04	1.051e-01	1.050e-01	1	7.059e-08	
09:40:13.4	1764322813.5	1.997e+04	1.049e-01	1.050e-01	1	7.202e-08	
09:40:15.4	1764322815.5	1.992e+04	1.051e-01	1.050e-01	1	6.796e-08	
09:40:17.5	1764322817.6	1.991e+04	1.051e-01	1.050e-01	1	6.839e-08	
09:40:19.5	1764322819.6	1.992e+04	1.051e-01	1.050e-01	1	6.575e-08	
09:40:21.6	1764322821.7	1.996e+04	1.049e-01	1.050e-01	1	7.037e-08	
09:40:23.6	1764322823.7	1.988e+04	1.053e-01	1.050e-01	1	6.403e-08	
09:40:25.7	1764322825.7	1.984e+04	1.055e-01	1.050e-01	1	5.776e-08	
09:40:27.7	1764322827.8	1.987e+04	1.054e-01	1.050e-01	1	6.030e-08	
09:40:29.8	1764322829.9	1.989e+04	1.052e-01	1.050e-01	1	6.007e-08	
09:40:31.8	1764322831.9	1.993e+04	1.051e-01	1.050e-01	1	6.599e-08	
09:40:33.8	1764322833.9	1.997e+04	1.049e-01	1.050e-01	1	6.709e-08	
09:40:35.9	1764322836.0	1.997e+04	1.049e-01	1.050e-01	1	7.006e-08	
09:40:37.9	1764322838.0	1.997e+04	1.049e-01	1.050e-01	1	6.962e-08	
09:40:40.0	1764322840.1	1.988e+04	1.053e-01	1.050e-01	1	6.149e-08	
09:40:42.0	1764322842.1	1.991e+04	1.051e-01	1.050e-01	1	6.257e-08	
09:40:44.1	1764322844.1	1.989e+04	1.053e-01	1.050e-01	1	5.920e-08	
09:40:46.1	1764322846.2	1.988e+04	1.053e-01	1.050e-01	1	6.008e-08	
09:40:48.2	1764322848.2	1.985e+04	1.054e-01	1.050e-01	1	5.473e-08	
09:40:50.2	1764322850.3	1.990e+04	1.052e-01	1.050e-01	1	5.821e-08	
09:40:52.2	1764322852.4	1.990e+04	1.052e-01	1.050e-01	1	5.886e-08	
09:40:54.3	1764322854.4	1.994e+04	1.050e-01	1.050e-01	1	6.176e-08	
09:40:56.3	1764322856.4	1.988e+04	1.053e-01	1.050e-01	1	5.699e-08	
09:40:58.4	1764322858.5	1.990e+04	1.052e-01	1.050e-01	1	5.777e-08	
09:41:00.4	1764322860.5	1.990e+04	1.052e-01	1.050e-01	1	5.712e-08	
09:41:02.5	1764322862.6	1.991e+04	1.051e-01	1.050e-01	1	5.926e-08	
09:41:04.5	1764322864.6	1.988e+04	1.053e-01	1.050e-01	1	5.411e-08	
09:41:06.6	1764322866.7	1.985e+04	1.054e-01	1.050e-01	1	5.190e-08	
09:41:08.6	1764322868.7	1.984e+04	1.055e-01	1.050e-01	1	5.143e-08	
09:41:10.6	1764322870.8	1.984e+04	1.055e-01	1.050e-01	1	4.884e-08	
09:41:12.7	1764322872.8	1.987e+04	1.054e-01	1.050e-01	1	4.975e-08	
09:41:14.7	1764322874.8	1.992e+04	1.051e-01	1.050e-01	1	5.421e-08	
09:41:16.8	1764322876.9	1.992e+04	1.051e-01	1.050e-01	1	5.467e-08	
09:41:18.9	1764322878.9	1.986e+04	1.054e-01	1.050e-01	1	4.941e-08	
09:41:20.9	1764322881.0	1.986e+04	1.054e-01	1.050e-01	1	4.885e-08	
09:41:22.9	1764322883.0	1.986e+04	1.054e-01	1.050e-01	1	4.744e-08	
09:41:25.0	1764322885.1	1.986e+04	1.054e-01	1.050e-01	1	4.626e-08	
09:41:27.0	1764322887.1	1.986e+04	1.054e-01	1.050e-01	1	4.507e-08	
09:41:29.1	1764322889.2	1.981e+04	1.056e-01	1.050e-01	1	4.110e-08	
09:41:31.1	1764322891.2	1.984e+04	1.055e-01	1.050e-01	1	4.243e-08	
09:41:33.2	1764322893.2	1.984e+04	1.055e-01	1.050e-01	1	4.192e-08	
09:41:35.2	1764322895.3	1.990e+04	1.052e-01	1.050e-01	1	4.601e-08	
09:41:37.3	1764322897.3	1.991e+04	1.051e-01	1.050e-01	1	4.781e-08	
09:41:39.3	1764322899.4	1.995e+04	1.050e-01	1.050e-01	1	5.033e-08	
09:41:41.3	1764322901.4	1.992e+04	1.051e-01	1.050e-01	1	4.908e-08	
09:41:43.4	1764322903.5	1.995e+04	1.050e-01	1.050e-01	1	4.848e-08	
09:41:45.4	1764322905.5	1.993e+04	1.051e-01	1.050e-01	1	4.765e-08	
09:41:47.5	1764322907.6	1.995e+04	1.050e-01	1.050e-01	1	4.862e-08	
09:41:49.5	1764322909.6	1.999e+04	1.048e-01	1.050e-01	1	5.070e-08	
09:41:51.6	1764322911.6	1.997e+04	1.049e-01	1.050e-01	1	5.108e-08	
09:41:53.6	1764322913.7	1.993e+04	1.051e-01	1.050e-01	1	5.008e-08	
09:41:55.7	1764322915.7	1.990e+04	1.052e-01	1.050e-01	1	4.586e-08	
09:41:57.7	1764322917.8	1.988e+04	1.053e-01	1.050e-01	1	4.406e-08	
09:41:59.7	1764322919.8	1.991e+04	1.052e-01	1.050e-01	1	4.519e-08	
09:42:01.8	1764322921.9	1.990e+04	1.052e-01	1.050e-01	1	4.583e-08	
09:42:03.8	1764322923.9	1.992e+04	1.051e-01	1.050e-01	1	4.560e-08	
09:42:05.9	1764322926.0	1.997e+04	1.049e-01	1.050e-01	1	4.990e-08	
09:42:07.9	1764322928.0	1.997e+04	1.049e-01	1.050e-01	1	5.082e-08	
09:42:10.0	1764322930.1	1.992e+04	1.051e-01	1.050e-01	1	4.693e-08	
09:42:12.0	1764322932.1	1.993e+04	1.051e-01	1.050e-01	1	4.624e-08	
09:42:14.1	1764322934.2	1.994e+04	1.050e-01	1.050e-01	1	4.768e-08	
09:42:16.1	1764322936.2	1.997e+04	1.049e-01	1.050e-01	1	5.088e-08	
09:42:18.1	1764322938.3	1.997e+04	1.049e-01	1.050e-01	1	5.084e-08	
09:42:20.2	1764322940.3	1.996e+04	1.049e-01	1.050e-01	1	4.938e-08	
09:42:22.2	1764322942.3	1.989e+04	1.053e-01	1.050e-01	1	4.417e-08	
09:42:24.3	1764322944.4	1.990e+04	1.052e-01	1.050e-01	1	4.455e-08	
09:42:26.3	1764322946.4	1.990e+04	1.052e-01	1.050e-01	1	4.451e-08	
09:42:28.4	1764322948.5	1.988e+04	1.053e-01	1.050e-01	1	4.268e-08	
09:42:30.4	1764322950.5	1.989e+04	1.052e-01	1.050e-01	1	4.220e-08	
09:42:32.5	1764322952.6	1.995e+04	1.050e-01	1.050e-01	1	4.694e-08	
09:42:34.5	1764322954.6	1.987e+04	1.053e-01	1.050e-01	1	4.119e-08	
09:42:36.5	1764322956.7	1.984e+04	1.055e-01	1.050e-01	1	3.934e-08	
09:42:38.6	1764322958.7	1.984e+04	1.055e-01	1.050e-01	1	3.658e-08	
09:42:40.6	1764322960.7	1.993e+04	1.050e-01	1.050e-01	1	4.414e-08	
09:42:42.7	1764322962.8	1.988e+04	1.053e-01	1.050e-01	1	3.924e-08	
09:42:44.8	1764322964.8	1.987e+04	1.053e-01	1.050e-01	1	3.863e-08	
09:42:46.8	1764322966.9	1.991e+04	1.051e-01	1.050e-01	1	3.999e-08	
09:42:48.8	1764322968.9	1.995e+04	1.050e-01	1.050e-01	1	4.274e-08	
09:42:50.9	1764322971.0	1.995e+04	1.050e-01	1.050e-01	1	4.285e-08	
09:42:52.9	1764322973.0	1.992e+04	1.051e-01	1.050e-01	1	3.982e-08	
09:42:54.9	1764322975.1	1.996e+04	1.049e-01	1.050e-01	1	4.406e-08	
09:42:57.0	1764322977.1	1.994e+04	1.050e-01	1.050e-01	1	4.146e-08	
09:42:59.0	1764322979.1	1.996e+04	1.049e-01	1.050e-01	1	4.447e-08	
09:43:01.1	1764322981.2	1.993e+04	1.051e-01	1.050e-01	1	4.094e-08	
09:43:03.1	1764322983.2	1.991e+04	1.052e-01	1.050e-01	1	3.995e-08	
09:43:05.2	1764322985.3	1.992e+04	1.051e-01	1.050e-01	1	3.950e-08	
09:43:07.2	1764322987.3	1.996e+04	1.049e-01	1.050e-01	1	4.413e-08	
09:43:09.3	1764322989.4	2.004e+04	1.046e-01	1.050e-01	1	4.984e-08	
09:43:11.3	1764322991.4	2.000e+04	1.047e-01	1.050e-01	1	4.868e-08	
09:43:13.3	1764322993.5	1.996e+04	1.049e-01	1.050e-01	1	4.614e-08	
09:43:15.4	1764322995.5	1.987e+04	1.054e-01	1.050e-01	1	3.827e-08	
09:43:17.5	1764322997.5	1.991e+04	1.051e-01	1.050e-01	1	3.976e-08	
09:43:19.5	1764322999.6	1.993e+04	1.051e-01	1.050e-01	1	4.006e-08	
09:43:21.6	1764323001.6	1.998e+04	1.048e-01	1.050e-01	1	4.661e-08	
09:43:23.6	1764323003.7	1.994e+04	1.050e-01	1.050e-01	1	4.318e-08	
09:43:25.6	1764323005.7	1.992e+04	1.051e-01	1.050e-01	1	4.150e-08	
09:43:27.7	1764323007.8	1.995e+04	1.050e-01	1.050e-01	1	4.262e-08	
09:43:29.7	1764323009.8	1.997e+04	1.049e-01	1.050e-01	1	4.591e-08	
09:43:31.8	1764323011.9	1.990e+04	1.052e-01	1.050e-01	1	4.068e-08	
09:43:33.8	1764323013.9	1.984e+04	1.055e-01	1.050e-01	1	3.494e-08	
09:43:35.9	1764323015.9	1.983e+04	1.055e-01	1.050e-01	1	3.175e-08	
09:43:37.9	1764323018.0	1.990e+04	1.052e-01	1.050e-01	1	3.682e-08	
09:43:40.0	1764323020.0	1.993e+04	1.051e-01	1.050e-01	1	3.823e-08	
09:43:42.0	1764323022.1	2.002e+04	1.046e-01	1.050e-01	1	4.521e-08	
09:43:44.0	1764323024.1	2.005e+04	1.045e-01	1.050e-01	1	4.905e-08	
09:43:46.1	1764323026.2	1.998e+04	1.049e-01	1.050e-01	1	4.715e-08	
09:43:48.1	1764323028.2	1.993e+04	1.050e-01	1.050e-01	1	4.115e-08	
09:43:50.2	1764323030.3	1.992e+04	1.051e-01	1.050e-01	1	3.966e-08	
09:43:52.2	1764323032.3	1.994e+04	1.050e-01	1.050e-01	1	4.139e-08	
09:43:54.3	1764323034.3	1.993e+04	1.051e-01	1.050e-01	1	4.128e-08	
09:43:56.3	1764323036.4	1.995e+04	1.050e-01	1.050e-01	1	4.204e-08	
09:43:58.4	1764323038.4	1.994e+04	1.050e-01	1.050e-01	1	4.303e-08	
09:44:00.4	1764323040.5	1.993e+04	1.051e-01	1.050e-01	1	4.059e-08	
09:44:02.4	1764323042.6	1.990e+04	1.052e-01	1.050e-01	1	3.836e-08	
09:44:04.5	1764323044.6	1.989e+04	1.052e-01	1.050e-01	1	3.842e-08	
09:44:06.5	1764323046.6	1.992e+04	1.051e-01	1.050e-01	1	3.875e-08	
09:44:08.6	1764323048.7	1.991e+04	1.052e-01	1.050e-01	1	3.832e-08	
09:44:10.6	1764323050.7	1.996e+04	1.049e-01	1.050e-01	1	4.165e-08	
09:44:12.7	1764323052.8	1.998e+04	1.048e-01	1.050e-01	1	4.239e-08	
09:44:14.7	1764323054.8	2.000e+04	1.047e-01	1.050e-01	1	4.704e-08	
09:44:16.8	1764323056.8	2.000e+04	1.047e-01	1.050e-01	1	4.561e-08	
09:44:18.8	1764323058.9	1.993e+04	1.051e-01	1.050e-01	1	4.271e-08	
09:44:20.8	1764323061.0	1.997e+04	1.049e-01	1.050e-01	1	4.423e-08	
09:44:22.9	1764323063.0	1.999e+04	1.048e-01	1.050e-01	1	4.430e-08	
09:44:24.9	1764323065.0	2.001e+04	1.047e-01	1.050e-01	1	4.972e-08	
09:44:27.0	1764323067.1	1.999e+04	1.048e-01	1.050e-01	1	4.590e-08	
09:44:29.0	1764323069.1	1.996e+04	1.049e-01	1.050e-01	1	4.569e-08	
09:44:31.1	1764323071.2	1.994e+04	1.050e-01	1.050e-01	1	4.258e-08	
09:44:33.1	1764323073.2	1.993e+04	1.050e-01	1.050e-01	1	4.358e-08	
09:44:35.2	1764323075.3	1.991e+04	1.052e-01	1.050e-01	1	4.019e-08	
09:44:37.2	1764323077.3	1.992e+04	1.051e-01	1.050e-01	1	4.168e-08	
09:44:39.2	1764323079.4	1.996e+04	1.049e-01	1.050e-01	1	4.489e-08	
09:44:41.3	1764323081.4	2.000e+04	1.047e-01	1.050e-01	1	4.745e-08	
09:44:43.3	1764323083.4	1.996e+04	1.049e-01	1.050e-01	1	4.646e-08	
09:44:45.4	1764323085.5	1.995e+04	1.050e-01	1.050e-01	1	4.479e-08	
09:44:47.4	1764323087.5	1.994e+04	1.050e-01	1.050e-01	1	4.616e-08	
09:44:49.5	1764323089.6	2.001e+04	1.047e-01	1.050e-01	1	4.984e-08	
09:44:51.5	1764323091.6	1.997e+04	1.049e-01	1.050e-01	1	4.741e-08	
09:44:53.6	1764323093.7	2.001e+04	1.047e-01	1.050e-01	1	4.997e-08	
09:44:55.6	1764323095.7	1.998e+04	1.048e-01	1.050e-01	1	4.922e-08	
09:44:57.6	1764323097.8	2.001e+04	1.047e-01	1.050e-01	1	5.275e-08	
09:44:59.7	1764323099.8	1.994e+04	1.050e-01	1.050e-01	1	4.625e-08	
09:45:01.7	1764323101.8	1.995e+04	1.050e-01	1.050e-01	1	4.728e-08	
09:45:03.8	1764323103.9	1.990e+04	1.052e-01	1.050e-01	1	4.175e-08	
09:45:05.9	1764323105.9	1.986e+04	1.054e-01	1.050e-01	1	4.085e-08	
09:45:07.9	1764323108.0	1.980e+04	1.056e-01	1.050e-01	1	3.426e-08	
09:45:09.9	1764323110.0	1.984e+04	1.055e-01	1.050e-01	1	3.597e-08	
09:45:12.0	1764323112.1	1.990e+04	1.052e-01	1.050e-01	1	3.969e-08	
09:45:14.0	1764323114.2	1.993e+04	1.051e-01	1.050e-01	1	4.218e-08	
09:45:16.1	1764323116.2	1.990e+04	1.052e-01	1.050e-01	1	3.987e-08	
09:45:18.2	1764323118.3	1.995e+04	1.050e-01	1.050e-01	1	4.314e-08	
09:45:20.2	1764323120.3	1.998e+04	1.048e-01	1.050e-01	1	4.591e-08	
09:45:22.3	1764323122.4	1.996e+04	1.049e-01	1.050e-01	1	4.471e-08	
09:45:24.3	1764323124.4	1.994e+04	1.050e-01	1.050e-01	1	4.277e-08	
09:45:26.3	1764323126.4	2.001e+04	1.047e-01	1.050e-01	1	4.823e-08	
09:45:28.4	1764323128.5	2.003e+04	1.046e-01	1.050e-01	1	5.093e-08	
09:45:30.4	1764323130.5	2.002e+04	1.046e-01	1.050e-01	1	5.233e-08	
09:45:32.5	1764323132.5	1.999e+04	1.048e-01	1.050e-01	1	4.912e-08	
09:45:34.5	1764323134.6	1.996e+04	1.049e-01	1.050e-01	1	4.811e-08	
09:45:36.5	1764323136.6	1.996e+04	1.049e-01	1.050e-01	1	4.708e-08	
09:45:38.5	1764323138.6	2.000e+04	1.047e-01	1.050e-01	1	5.109e-08	
09:45:40.6	1764323140.7	2.005e+04	1.045e-01	1.050e-01	1	5.714e-08	
09:45:42.6	1764323142.7	2.005e+04	1.045e-01	1.050e-01	1	5.889e-08	
09:45:44.7	1764323144.9	1.999e+04	1.048e-01	1.050e-01	1	5.253e-08	
09:45:46.8	1764323146.9	1.995e+04	1.050e-01	1.050e-01	1	4.996e-08	
09:45:48.8	1764323148.9	1.995e+04	1.050e-01	1.050e-01	1	5.085e-08	
09:45:50.9	1764323151.1	1.991e+04	1.052e-01	1.050e-01	1	4.639e-08	
09:45:53.0	1764323153.2	1.987e+04	1.053e-01	1.050e-01	1	4.259e-08	
09:45:55.1	1764323155.3	1.990e+04	1.052e-01	1.050e-01	1	4.415e-08	
09:45:57.2	1764323157.3	1.996e+04	1.049e-01	1.050e-01	1	4.894e-08	
09:45:59.3	1764323159.4	1.993e+04	1.051e-01	1.050e-01	1	4.691e-08	
09:46:01.4	1764323161.5	1.994e+04	1.050e-01	1.050e-01	1	4.771e-08	
09:46:03.4	1764323163.5	1.993e+04	1.051e-01	1.050e-01	1	4.624e-08	
09:46:05.5	1764323165.6	1.997e+04	1.049e-01	1.050e-01	1	4.905e-08	
09:46:07.5	1764323167.6	1.994e+04	1.050e-01	1.050e-01	1	4.657e-08	
09:46:09.5	1764323169.6	1.995e+04	1.049e-01	1.050e-01	1	4.895e-08	
09:46:11.6	1764323171.7	1.992e+04	1.051e-01	1.050e-01	1	4.504e-08	
09:46:13.6	1764323173.7	1.997e+04	1.049e-01	1.050e-01	1	4.913e-08	
09:46:15.7	1764323175.7	1.999e+04	1.048e-01	1.050e-01	1	5.212e-08	
09:46:17.7	1764323177.8	2.004e+04	1.046e-01	1.050e-01	1	5.635e-08	
09:46:19.7	1764323179.9	2.004e+04	1.046e-01	1.050e-01	1	5.853e-08	
09:46:21.9	1764323182.0	2.009e+04	1.043e-01	1.050e-01	1	6.428e-08	
09:46:24.0	1764323184.1	2.002e+04	1.047e-01	1.050e-01	1	5.964e-08	
09:46:26.0	1764323186.1	2.002e+04	1.047e-01	1.050e-01	1	5.905e-08	
09:46:28.1	1764323188.2	1.998e+04	1.049e-01	1.050e-01	1	5.456e-08	
09:46:30.1	1764323190.2	1.998e+04	1.048e-01	1.050e-01	1	5.669e-08	
09:46:32.2	1764323192.2	1.997e+04	1.048e-01	1.050e-01	1	5.659e-08	
09:46:34.2	1764323194.3	1.997e+04	1.049e-01	1.050e-01	1	5.584e-08	
09:46:36.2	1764323196.3	2.000e+04	1.048e-01	1.050e-01	1	5.849e-08	
09:46:38.3	1764323198.4	1.998e+04	1.048e-01	1.050e-01	1	5.699e-08	
09:46:40.3	1764323200.4	1.998e+04	1.048e-01	1.050e-01	1	5.822e-08	
09:46:42.4	1764323202.6	1.995e+04	1.050e-01	1.050e-01	1	5.496e-08	
09:46:44.5	1764323204.6	2.002e+04	1.047e-01	1.050e-01	1	6.226e-08	
09:46:46.6	1764323206.6	2.000e+04	1.047e-01	1.050e-01	1	6.173e-08	
09:46:48.6	1764323208.8	1.995e+04	1.050e-01	1.050e-01	1	5.754e-08	
09:46:50.7	1764323210.8	1.991e+04	1.052e-01	1.050e-01	1	5.198e-08	
09:46:52.8	1764323212.9	1.992e+04	1.051e-01	1.050e-01	1	5.355e-08	
09:46:54.8	1764323215.0	1.999e+04	1.048e-01	1.050e-01	1	5.915e-08	
09:46:57.0	1764323217.1	2.002e+04	1.047e-01	1.050e-01	1	6.321e-08	
09:46:59.0	1764323219.1	1.999e+04	1.048e-01	1.050e-01	1	6.256e-08	
09:47:01.0	1764323221.1	1.996e+04	1.049e-01	1.050e-01	1	5.956e-08	
09:47:03.1	1764323223.2	1.989e+04	1.052e-01	1.050e-01	1	5.243e-08	
09:47:05.1	1764323225.2	1.992e+04	1.051e-01	1.050e-01	1	5.453e-08	
09:47:07.2	1764323227.3	1.994e+04	1.050e-01	1.050e-01	1	5.664e-08	
09:47:09.3	1764323229.4	1.992e+04	1.051e-01	1.050e-01	1	5.400e-08	
09:47:11.3	1764323231.4	1.991e+04	1.052e-01	1.050e-01	1	5.389e-08	
09:47:13.4	1764323233.5	1.994e+04	1.050e-01	1.050e-01	1	5.481e-08	
09:47:15.5	1764323235.6	2.003e+04	1.046e-01	1.050e-01	1	6.624e-08	
09:47:17.5	1764323237.6	2.005e+04	1.045e-01	1.050e-01	1	6.770e-08	
09:47:19.6	1764323239.7	1.998e+04	1.048e-01	1.050e-01	1	6.181e-08	
09:47:21.6	1764323241.7	1.999e+04	1.048e-01	1.050e-01	1	6.336e-08	
09:47:23.7	1764323243.9	2.002e+04	1.046e-01	1.050e-01	1	6.701e-08	
09:47:25.8	1764323245.9	2.000e+04	1.047e-01	1.050e-01	1	6.664e-08	
09:47:27.8	1764323247.9	1.994e+04	1.050e-01	1.050e-01	1	6.074e-08	
09:47:29.9	1764323250.0	1.991e+04	1.052e-01	1.050e-01	1	5.806e-08	
09:47:31.9	1764323252.0	1.994e+04	1.050e-01	1.050e-01	1	6.004e-08	
09:47:33.9	1764323254.1	1.999e+04	1.048e-01	1.050e-01	1	6.448e-08	
09:47:36.0	1764323256.1	1.999e+04	1.048e-01	1.050e-01	1	6.470e-08	
09:47:38.0	1764323258.1	1.994e+04	1.050e-01	1.050e-01	1	6.086e-08	
09:47:40.1	1764323260.3	1.994e+04	1.050e-01	1.050e-01	1	5.962e-08	
09:47:42.2	1764323262.3	1.993e+04	1.050e-01	1.050e-01	1	5.981e-08	
09:47:44.3	1764323264.3	1.999e+04	1.048e-01	1.050e-01	1	6.621e-08	
09:47:46.3	1764323266.4	1.996e+04	1.049e-01	1.050e-01	1	6.232e-08	
09:47:48.3	1764323268.4	1.999e+04	1.048e-01	1.050e-01	1	6.628e-08	
09:47:50.4	1764323270.5	1.995e+04	1.050e-01	1.050e-01	1	6.193e-08	
09:47:52.4	1764323272.5	1.995e+04	1.050e-01	1.050e-01	1	6.239e-08	
09:47:54.4	1764323274.5	1.997e+04	1.049e-01	1.050e-01	1	6.373e-08	
09:47:56.5	1764323276.6	2.004e+04	1.046e-01	1.050e-01	1	6.971e-08	
09:47:58.5	1764323278.6	2.002e+04	1.047e-01	1.050e-01	1	7.132e-08	
09:48:00.6	1764323280.7	1.999e+04	1.048e-01	1.050e-01	1	6.817e-08	
09:48:02.6	1764323282.8	1.996e+04	1.049e-01	1.050e-01	1	6.612e-08	
09:48:04.7	1764323284.8	2.001e+04	1.047e-01	1.050e-01	1	7.058e-08	
09:48:06.8	1764323286.9	2.003e+04	1.046e-01	1.050e-01	1	7.452e-08	
09:48:08.8	1764323289.0	2.006e+04	1.045e-01	1.050e-01	1	7.860e-08	
09:48:10.9	1764323291.0	2.002e+04	1.047e-01	1.050e-01	1	7.576e-08	
09:48:13.0	1764323293.1	2.001e+04	1.047e-01	1.050e-01	1	7.499e-08	
09:48:15.0	1764323295.2	1.996e+04	1.049e-01	1.050e-01	1	7.123e-08	
09:48:17.1	1764323297.2	1.996e+04	1.049e-01	1.050e-01	1	7.055e-08	
09:48:19.2	1764323299.3	1.994e+04	1.050e-01	1.050e-01	1	6.869e-08	
09:48:21.2	1764323301.3	1.998e+04	1.048e-01	1.050e-01	1	7.225e-08	
09:48:23.3	1764323303.4	1.999e+04	1.048e-01	1.050e-01	1	7.465e-08	
09:48:25.3	1764323305.4	2.006e+04	1.045e-01	1.050e-01	1	8.192e-08	
09:48:27.3	1764323307.4	2.003e+04	1.046e-01	1.050e-01	1	8.208e-08	
09:48:29.4	1764323313.9	1.000e+00	1.047e-01	1.050e-01	1	8.007e-08	
09:48:35.8	1764323315.9	2.000e+04	1.047e-01	1.050e-01	1	7.933e-08	
09:48:37.9	1764323318.0	1.999e+04	1.048e-01	1.050e-01	1	8.073e-08	
09:48:39.9	1764323320.0	1.997e+04	1.049e-01	1.050e-01	1	7.736e-08	
09:48:42.0	1764323322.0	1.997e+04	1.049e-01	1.050e-01	1	7.947e-08	
09:48:44.0	1764323324.1	2.005e+04	1.045e-01	1.050e-01	1	8.814e-08	
09:48:46.1	1764323326.1	2.011e+04	1.043e-01	1.050e-01	1	9.640e-08	
09:48:48.1	1764323328.2	2.011e+04	1.042e-01	1.050e-01	1	1.025e-07	
09:48:50.1	1764323330.2	2.009e+04	1.043e-01	1.050e-01	1	9.802e-08	
09:48:52.2	1764323332.3	2.006e+04	1.045e-01	1.050e-01	1	9.687e-08	
09:48:54.2	1764323334.3	2.014e+04	1.041e-01	1.050e-01	1	1.086e-07	
09:48:56.3	1764323336.3	2.008e+04	1.044e-01	1.050e-01	1	1.052e-07	
09:48:58.3	1764323338.4	2.002e+04	1.046e-01	1.050e-01	1	9.968e-08	
09:49:00.4	1764323340.4	1.997e+04	1.049e-01	1.050e-01	1	9.170e-08	
09:49:02.4	1764323342.5	2.000e+04	1.047e-01	1.050e-01	1	9.562e-08	
09:49:04.4	1764323344.5	2.000e+04	1.047e-01	1.050e-01	1	9.773e-08	
09:49:06.5	1764323346.6	1.999e+04	1.048e-01	1.050e-01	1	9.686e-08	
09:49:08.5	1764323348.6	1.998e+04	1.048e-01	1.050e-01	1	9.589e-08	
09:49:10.6	1764323350.7	2.004e+04	1.046e-01	1.050e-01	1	1.021e-07	
09:49:12.6	1764323352.7	2.004e+04	1.045e-01	1.050e-01	1	1.047e-07	
09:49:14.7	1764323354.7	2.009e+04	1.044e-01	1.050e-01	1	1.104e-07	
09:49:16.7	1764323356.8	2.008e+04	1.044e-01	1.050e-01	1	1.137e-07	
09:49:18.8	1764323358.8	2.010e+04	1.043e-01	1.050e-01	1	1.179e-07	
09:49:20.8	1764323360.9	2.001e+04	1.047e-01	1.050e-01	1	1.085e-07	
09:49:22.8	1764323362.9	1.994e+04	1.050e-01	1.050e-01	1	1.008e-07	
09:49:24.9	1764323365.0	1.996e+04	1.049e-01	1.050e-01	1	1.001e-07	
09:49:26.9	1764323367.0	2.004e+04	1.046e-01	1.050e-01	1	1.103e-07	
09:49:29.0	1764323369.1	2.006e+04	1.045e-01	1.050e-01	1	1.172e-07	
09:49:31.0	1764323371.1	2.002e+04	1.046e-01	1.050e-01	1	1.146e-07	
09:49:33.1	1764323373.1	2.003e+04	1.046e-01	1.050e-01	1	1.157e-07	
09:49:35.1	1764323375.2	1.998e+04	1.048e-01	1.050e-01	1	1.086e-07	
09:49:37.2	1764323377.2	1.996e+04	1.049e-01	1.050e-01	1	1.095e-07	
09:49:39.2	1764323379.3	1.989e+04	1.053e-01	1.050e-01	1	9.927e-08	
09:49:41.2	1764323381.3	1.989e+04	1.052e-01	1.050e-01	1	9.962e-08	
09:49:43.3	1764323383.4	1.991e+04	1.052e-01	1.050e-01	1	9.829e-08	
09:49:45.3	1764323385.4	2.000e+04	1.048e-01	1.050e-01	1	1.093e-07	
09:49:47.4	1764323387.5	1.999e+04	1.048e-01	1.050e-01	1	1.095e-07	
09:49:49.4	1764323389.5	2.001e+04	1.047e-01	1.050e-01	1	1.127e-07	
09:49:51.5	1764323391.6	2.006e+04	1.045e-01	1.050e-01	1	1.220e-07	
09:49:53.5	1764323393.6	2.006e+04	1.045e-01	1.050e-01	1	1.227e-07	
09:49:55.6	1764323395.7	2.000e+04	1.047e-01	1.050e-01	1	1.191e-07	
09:49:57.6	1764323397.7	1.993e+04	1.051e-01	1.050e-01	1	1.100e-07	
09:49:59.6	1764323399.7	2.001e+04	1.047e-01	1.050e-01	1	1.180e-07	
