# file    : LS370_20251128T095004.dat
# content : "LakeShore370" raw data
# created : 20251128T095004
# author  : Roch Schanen LakeShore.py V0.00
# Heater Resistance : 194.0 [Ohms]
# column 01 : time stamp [HH:MM:SS.F]
# column 02 : time in seconds [s]
# column 03 : Thermometer 1 Resistance [Ohms]
# column 04 : Thermometer 1 Temperature [K] 
# column 05 : Temperature Set-point [K]
# column 06 : Heater Range [index] 
# column 07 : Heater Value [W]
09:50:06.2	1764323406.4	1.995e+04	1.050e-01	1.050e-01	1	1.147e-07	
09:50:08.3	1764323408.4	1.992e+04	1.051e-01	1.050e-01	1	1.101e-07	
09:50:10.3	1764323410.4	2.005e+04	1.045e-01	1.050e-01	1	1.232e-07	
09:50:12.4	1764323412.5	2.011e+04	1.043e-01	1.050e-01	1	1.361e-07	
09:50:14.4	1764323414.5	2.012e+04	1.042e-01	1.050e-01	1	1.423e-07	
09:50:16.5	1764323416.6	2.001e+04	1.047e-01	1.050e-01	1	1.326e-07	
09:50:18.5	1764323418.6	1.996e+04	1.049e-01	1.050e-01	1	1.244e-07	
09:50:20.5	1764323420.7	1.999e+04	1.048e-01	1.050e-01	1	1.265e-07	
09:50:22.6	1764323422.7	2.006e+04	1.045e-01	1.050e-01	1	1.348e-07	
09:50:24.6	1764323424.7	2.009e+04	1.043e-01	1.050e-01	1	1.432e-07	
09:50:26.7	1764323426.8	2.006e+04	1.045e-01	1.050e-01	1	1.402e-07	
09:50:28.7	1764323428.8	2.002e+04	1.046e-01	1.050e-01	1	1.374e-07	
09:50:30.8	1764323430.9	2.003e+04	1.046e-01	1.050e-01	1	1.404e-07	
09:50:32.8	1764323432.9	2.005e+04	1.045e-01	1.050e-01	1	1.451e-07	
09:50:34.9	1764323435.0	2.003e+04	1.046e-01	1.050e-01	1	1.425e-07	
09:50:36.9	1764323437.0	2.001e+04	1.047e-01	1.050e-01	1	1.432e-07	
09:50:38.9	1764323439.1	1.999e+04	1.048e-01	1.050e-01	1	1.370e-07	
09:50:41.0	1764323441.1	2.000e+04	1.047e-01	1.050e-01	1	1.414e-07	
09:50:43.0	1764323443.1	1.997e+04	1.049e-01	1.050e-01	1	1.393e-07	
09:50:45.1	1764323445.2	2.001e+04	1.047e-01	1.050e-01	1	1.456e-07	
09:50:47.1	1764323447.2	1.999e+04	1.048e-01	1.050e-01	1	1.453e-07	
09:50:49.2	1764323449.3	1.998e+04	1.048e-01	1.050e-01	1	1.431e-07	
09:50:51.2	1764323451.3	1.998e+04	1.048e-01	1.050e-01	1	1.433e-07	
09:50:53.3	1764323453.4	2.000e+04	1.047e-01	1.050e-01	1	1.456e-07	
09:50:55.3	1764323455.4	1.998e+04	1.048e-01	1.050e-01	1	1.452e-07	
09:50:57.3	1764323457.5	2.000e+04	1.047e-01	1.050e-01	1	1.472e-07	
09:50:59.4	1764323459.5	2.006e+04	1.045e-01	1.050e-01	1	1.550e-07	
09:51:01.4	1764323461.5	2.007e+04	1.044e-01	1.050e-01	1	1.634e-07	
09:51:03.5	1764323463.6	2.008e+04	1.044e-01	1.050e-01	1	1.651e-07	
09:51:05.5	1764323465.6	2.002e+04	1.047e-01	1.050e-01	1	1.554e-07	
09:51:07.6	1764323467.7	2.001e+04	1.047e-01	1.050e-01	1	1.588e-07	
09:51:09.6	1764323469.7	1.997e+04	1.049e-01	1.050e-01	1	1.517e-07	
09:51:11.7	1764323471.8	1.997e+04	1.049e-01	1.050e-01	1	1.511e-07	
09:51:13.7	1764323473.8	2.002e+04	1.046e-01	1.050e-01	1	1.573e-07	
09:51:15.7	1764323475.9	2.005e+04	1.045e-01	1.050e-01	1	1.667e-07	
09:51:17.8	1764323477.9	2.009e+04	1.043e-01	1.050e-01	1	1.748e-07	
09:51:19.8	1764323479.9	2.006e+04	1.045e-01	1.050e-01	1	1.736e-07	
09:51:21.9	1764323482.0	2.002e+04	1.047e-01	1.050e-01	1	1.678e-07	
09:51:23.9	1764323484.0	2.004e+04	1.046e-01	1.050e-01	1	1.679e-07	
09:51:26.0	1764323486.1	2.006e+04	1.045e-01	1.050e-01	1	1.739e-07	
09:51:28.0	1764323488.1	2.006e+04	1.045e-01	1.050e-01	1	1.779e-07	
09:51:30.1	1764323490.2	2.004e+04	1.046e-01	1.050e-01	1	1.797e-07	
09:51:32.1	1764323492.2	2.001e+04	1.047e-01	1.050e-01	1	1.739e-07	
09:51:34.1	1764323494.3	2.001e+04	1.047e-01	1.050e-01	1	1.760e-07	
09:51:36.2	1764323496.3	2.004e+04	1.045e-01	1.050e-01	1	1.766e-07	
09:51:38.2	1764323498.3	2.007e+04	1.044e-01	1.050e-01	1	1.885e-07	
09:51:40.3	1764323500.4	1.996e+04	1.049e-01	1.050e-01	1	1.714e-07	
09:51:42.4	1764323502.4	1.992e+04	1.051e-01	1.050e-01	1	1.645e-07	
09:51:44.4	1764323504.5	1.993e+04	1.051e-01	1.050e-01	1	1.628e-07	
09:51:46.4	1764323506.5	1.998e+04	1.049e-01	1.050e-01	1	1.746e-07	
09:51:48.5	1764323508.6	1.996e+04	1.049e-01	1.050e-01	1	1.702e-07	
09:51:50.5	1764323510.6	1.993e+04	1.051e-01	1.050e-01	1	1.676e-07	
09:51:52.6	1764323512.7	1.994e+04	1.050e-01	1.050e-01	1	1.686e-07	
09:51:54.6	1764323514.7	1.998e+04	1.048e-01	1.050e-01	1	1.728e-07	
09:51:56.7	1764323516.7	2.003e+04	1.046e-01	1.050e-01	1	1.791e-07	
09:51:58.7	1764323518.8	2.001e+04	1.047e-01	1.050e-01	1	1.822e-07	
09:52:00.8	1764323520.8	1.998e+04	1.048e-01	1.050e-01	1	1.770e-07	
09:52:02.8	1764323522.9	1.998e+04	1.049e-01	1.050e-01	1	1.751e-07	
09:52:04.8	1764323524.9	2.000e+04	1.047e-01	1.050e-01	1	1.797e-07	
09:52:06.9	1764323527.0	1.998e+04	1.048e-01	1.050e-01	1	1.792e-07	
09:52:08.9	1764323529.0	1.997e+04	1.049e-01	1.050e-01	1	1.764e-07	
09:52:11.0	1764323531.1	1.996e+04	1.049e-01	1.050e-01	1	1.783e-07	
09:52:13.0	1764323533.1	2.003e+04	1.046e-01	1.050e-01	1	1.892e-07	
09:52:15.1	1764323535.2	2.003e+04	1.046e-01	1.050e-01	1	1.896e-07	
09:52:17.1	1764323537.2	2.002e+04	1.046e-01	1.050e-01	1	1.939e-07	
09:52:19.2	1764323539.2	2.005e+04	1.045e-01	1.050e-01	1	1.940e-07	
09:52:21.2	1764323541.3	2.005e+04	1.045e-01	1.050e-01	1	1.940e-07	
09:52:23.3	1764323543.3	2.005e+04	1.045e-01	1.050e-01	1	1.940e-07	
09:52:25.3	1764323545.4	2.004e+04	1.045e-01	1.050e-01	1	1.940e-07	
09:52:27.3	1764323547.4	2.003e+04	1.046e-01	1.050e-01	1	1.940e-07	
09:52:29.4	1764323549.5	2.001e+04	1.047e-01	1.050e-01	1	1.940e-07	
09:52:31.5	1764323551.6	1.998e+04	1.048e-01	1.050e-01	1	1.936e-07	
09:52:33.5	1764323553.6	1.995e+04	1.050e-01	1.050e-01	1	1.913e-07	
09:52:35.5	1764323555.6	1.995e+04	1.050e-01	1.050e-01	1	1.885e-07	
09:52:37.6	1764323557.7	1.994e+04	1.050e-01	1.050e-01	1	1.880e-07	
09:52:39.6	1764323559.7	2.003e+04	1.046e-01	1.050e-01	1	1.940e-07	
09:52:41.6	1764323561.8	1.999e+04	1.048e-01	1.050e-01	1	1.940e-07	
09:52:43.7	1764323563.8	1.994e+04	1.050e-01	1.050e-01	1	1.926e-07	
09:52:45.8	1764323565.9	1.993e+04	1.050e-01	1.050e-01	1	1.886e-07	
09:52:47.8	1764323567.9	1.996e+04	1.049e-01	1.050e-01	1	1.933e-07	
09:52:49.9	1764323569.9	1.997e+04	1.049e-01	1.050e-01	1	1.940e-07	
09:52:51.9	1764323572.0	2.000e+04	1.047e-01	1.050e-01	1	1.940e-07	
09:52:53.9	1764323574.0	2.001e+04	1.047e-01	1.050e-01	1	1.940e-07	
09:52:56.0	1764323576.2	2.001e+04	1.047e-01	1.050e-01	1	1.940e-07	
09:52:58.1	1764323578.2	2.001e+04	1.047e-01	1.050e-01	1	1.940e-07	
09:53:00.1	1764323580.2	2.004e+04	1.045e-01	1.050e-01	1	1.940e-07	
09:53:02.2	1764323582.3	2.006e+04	1.045e-01	1.050e-01	1	1.940e-07	
09:53:04.2	1764323584.3	2.002e+04	1.046e-01	1.050e-01	1	1.940e-07	
09:53:06.3	1764323586.4	2.001e+04	1.047e-01	1.050e-01	1	1.940e-07	
09:53:08.3	1764323588.5	1.998e+04	1.048e-01	1.050e-01	1	1.940e-07	
09:53:10.4	1764323590.5	1.996e+04	1.049e-01	1.050e-01	1	1.940e-07	
09:53:12.5	1764323592.5	1.987e+04	1.053e-01	1.050e-01	1	1.829e-07	
09:53:14.5	1764323594.6	1.987e+04	1.053e-01	1.050e-01	1	1.797e-07	
09:53:16.5	1764323596.6	1.993e+04	1.051e-01	1.050e-01	1	1.879e-07	
09:53:18.6	1764323598.7	1.997e+04	1.049e-01	1.050e-01	1	1.940e-07	
09:53:20.7	1764323600.8	1.997e+04	1.049e-01	1.050e-01	1	1.940e-07	
09:53:22.7	1764323602.8	1.996e+04	1.049e-01	1.050e-01	1	1.940e-07	
09:53:24.7	1764323604.8	1.991e+04	1.051e-01	1.050e-01	1	1.894e-07	
09:53:26.8	1764323606.9	1.995e+04	1.050e-01	1.050e-01	1	1.940e-07	
09:53:28.8	1764323608.9	1.999e+04	1.048e-01	1.050e-01	1	1.940e-07	
09:53:30.8	1764323610.9	2.000e+04	1.047e-01	1.050e-01	1	1.940e-07	
09:53:32.9	1764323612.9	1.994e+04	1.050e-01	1.050e-01	1	1.938e-07	
09:53:34.9	1764323615.0	1.994e+04	1.050e-01	1.050e-01	1	1.936e-07	
09:53:36.9	1764323617.0	1.998e+04	1.048e-01	1.050e-01	1	1.940e-07	
09:53:39.0	1764323619.1	1.996e+04	1.049e-01	1.050e-01	1	1.940e-07	
09:53:41.1	1764323621.2	1.991e+04	1.051e-01	1.050e-01	1	1.906e-07	
09:53:43.1	1764323623.2	1.989e+04	1.053e-01	1.050e-01	1	1.820e-07	
09:53:45.1	1764323625.2	1.994e+04	1.050e-01	1.050e-01	1	1.910e-07	
09:53:47.2	1764323627.3	2.000e+04	1.047e-01	1.050e-01	1	1.940e-07	
09:53:49.2	1764323629.3	2.003e+04	1.046e-01	1.050e-01	1	1.940e-07	
09:53:51.2	1764323631.3	2.000e+04	1.048e-01	1.050e-01	1	1.940e-07	
09:53:53.3	1764323633.4	1.992e+04	1.051e-01	1.050e-01	1	1.898e-07	
09:53:55.3	1764323635.4	1.991e+04	1.051e-01	1.050e-01	1	1.889e-07	
09:53:57.3	1764323637.4	1.992e+04	1.051e-01	1.050e-01	1	1.884e-07	
09:53:59.4	1764323639.5	1.992e+04	1.051e-01	1.050e-01	1	1.899e-07	
09:54:01.4	1764323641.5	1.993e+04	1.051e-01	1.050e-01	1	1.875e-07	
09:54:03.5	1764323643.5	2.000e+04	1.047e-01	1.050e-01	1	1.940e-07	
09:54:05.5	1764323645.6	2.000e+04	1.047e-01	1.050e-01	1	1.940e-07	
09:54:07.5	1764323647.6	2.003e+04	1.046e-01	1.050e-01	1	1.940e-07	
09:54:09.6	1764323649.7	2.002e+04	1.046e-01	1.050e-01	1	1.940e-07	
09:54:11.6	1764323651.7	1.997e+04	1.049e-01	1.050e-01	1	1.940e-07	
09:54:13.7	1764323653.7	1.991e+04	1.051e-01	1.050e-01	1	1.898e-07	
09:54:15.7	1764323655.8	1.989e+04	1.052e-01	1.050e-01	1	1.861e-07	
09:54:17.7	1764323657.8	1.984e+04	1.055e-01	1.050e-01	1	1.760e-07	
09:54:19.8	1764323659.9	1.985e+04	1.054e-01	1.050e-01	1	1.762e-07	
09:54:21.8	1764323661.9	1.990e+04	1.052e-01	1.050e-01	1	1.823e-07	
09:54:23.9	1764323663.9	1.996e+04	1.049e-01	1.050e-01	1	1.924e-07	
09:54:25.9	1764323666.0	1.994e+04	1.050e-01	1.050e-01	1	1.909e-07	
09:54:27.9	1764323668.0	1.996e+04	1.049e-01	1.050e-01	1	1.918e-07	
09:54:30.0	1764323670.1	1.996e+04	1.049e-01	1.050e-01	1	1.921e-07	
09:54:32.0	1764323672.1	1.997e+04	1.049e-01	1.050e-01	1	1.934e-07	
09:54:34.1	1764323674.2	1.997e+04	1.049e-01	1.050e-01	1	1.940e-07	
09:54:36.1	1764323676.2	1.997e+04	1.049e-01	1.050e-01	1	1.940e-07	
09:54:38.2	1764323678.2	1.990e+04	1.052e-01	1.050e-01	1	1.842e-07	
09:54:40.2	1764323680.3	1.993e+04	1.051e-01	1.050e-01	1	1.878e-07	
09:54:42.3	1764323682.3	1.997e+04	1.049e-01	1.050e-01	1	1.935e-07	
09:54:44.3	1764323684.4	1.996e+04	1.049e-01	1.050e-01	1	1.940e-07	
09:54:46.3	1764323686.4	1.992e+04	1.051e-01	1.050e-01	1	1.886e-07	
09:54:48.4	1764323688.5	1.989e+04	1.052e-01	1.050e-01	1	1.792e-07	
09:54:50.4	1764323690.5	1.990e+04	1.052e-01	1.050e-01	1	1.827e-07	
09:54:52.5	1764323692.6	1.992e+04	1.051e-01	1.050e-01	1	1.850e-07	
09:54:54.5	1764323694.6	1.990e+04	1.052e-01	1.050e-01	1	1.819e-07	
09:54:56.6	1764323696.6	1.988e+04	1.053e-01	1.050e-01	1	1.770e-07	
09:54:58.6	1764323698.7	1.991e+04	1.052e-01	1.050e-01	1	1.813e-07	
09:55:00.7	1764323700.7	1.994e+04	1.050e-01	1.050e-01	1	1.830e-07	
09:55:02.7	1764323702.8	1.998e+04	1.048e-01	1.050e-01	1	1.940e-07	
09:55:04.7	1764323704.8	1.994e+04	1.050e-01	1.050e-01	1	1.879e-07	
09:55:06.8	1764323706.9	1.993e+04	1.051e-01	1.050e-01	1	1.856e-07	
09:55:08.8	1764323708.9	1.992e+04	1.051e-01	1.050e-01	1	1.810e-07	
09:55:10.9	1764323711.0	2.000e+04	1.047e-01	1.050e-01	1	1.940e-07	
09:55:12.9	1764323713.0	2.000e+04	1.048e-01	1.050e-01	1	1.940e-07	
09:55:15.0	1764323715.1	1.997e+04	1.049e-01	1.050e-01	1	1.934e-07	
09:55:17.0	1764323717.1	1.995e+04	1.050e-01	1.050e-01	1	1.899e-07	
09:55:19.0	1764323719.1	1.994e+04	1.050e-01	1.050e-01	1	1.886e-07	
09:55:21.1	1764323721.2	1.994e+04	1.050e-01	1.050e-01	1	1.876e-07	
09:55:23.1	1764323723.2	1.994e+04	1.050e-01	1.050e-01	1	1.878e-07	
09:55:25.2	1764323725.3	1.996e+04	1.049e-01	1.050e-01	1	1.906e-07	
09:55:27.2	1764323727.3	1.994e+04	1.050e-01	1.050e-01	1	1.869e-07	
09:55:29.3	1764323729.4	1.986e+04	1.054e-01	1.050e-01	1	1.751e-07	
09:55:31.3	1764323731.4	1.983e+04	1.055e-01	1.050e-01	1	1.698e-07	
09:55:33.3	1764323733.4	1.981e+04	1.056e-01	1.050e-01	1	1.615e-07	
09:55:35.4	1764323735.5	1.982e+04	1.056e-01	1.050e-01	1	1.626e-07	
09:55:37.4	1764323737.5	1.989e+04	1.052e-01	1.050e-01	1	1.708e-07	
09:55:39.5	1764323739.6	1.991e+04	1.051e-01	1.050e-01	1	1.733e-07	
09:55:41.5	1764323741.6	1.993e+04	1.051e-01	1.050e-01	1	1.755e-07	
09:55:43.6	1764323743.7	1.995e+04	1.050e-01	1.050e-01	1	1.808e-07	
09:55:45.6	1764323745.7	1.998e+04	1.048e-01	1.050e-01	1	1.869e-07	
09:55:47.6	1764323747.8	1.994e+04	1.050e-01	1.050e-01	1	1.833e-07	
09:55:49.7	1764323749.8	1.990e+04	1.052e-01	1.050e-01	1	1.717e-07	
09:55:51.8	1764323751.8	1.991e+04	1.052e-01	1.050e-01	1	1.718e-07	
09:55:53.8	1764323753.9	1.991e+04	1.052e-01	1.050e-01	1	1.717e-07	
09:55:55.9	1764323755.9	1.991e+04	1.051e-01	1.050e-01	1	1.736e-07	
09:55:57.9	1764323758.0	1.984e+04	1.055e-01	1.050e-01	1	1.608e-07	
09:55:59.9	1764323760.0	1.981e+04	1.056e-01	1.050e-01	1	1.570e-07	
09:56:02.0	1764323762.1	1.980e+04	1.056e-01	1.050e-01	1	1.518e-07	
09:56:04.0	1764323764.1	1.990e+04	1.052e-01	1.050e-01	1	1.615e-07	
09:56:06.1	1764323766.2	1.996e+04	1.049e-01	1.050e-01	1	1.726e-07	
09:56:08.1	1764323768.2	1.993e+04	1.050e-01	1.050e-01	1	1.714e-07	
09:56:10.2	1764323770.2	1.983e+04	1.055e-01	1.050e-01	1	1.520e-07	
09:56:12.2	1764323772.3	1.984e+04	1.054e-01	1.050e-01	1	1.534e-07	
09:56:14.3	1764323774.3	1.992e+04	1.051e-01	1.050e-01	1	1.630e-07	
09:56:16.3	1764323776.4	1.999e+04	1.048e-01	1.050e-01	1	1.734e-07	
09:56:18.3	1764323778.4	1.990e+04	1.052e-01	1.050e-01	1	1.638e-07	
09:56:20.4	1764323780.5	1.991e+04	1.051e-01	1.050e-01	1	1.635e-07	
09:56:22.4	1764323782.5	1.994e+04	1.050e-01	1.050e-01	1	1.661e-07	
09:56:24.5	1764323784.6	1.995e+04	1.050e-01	1.050e-01	1	1.684e-07	
09:56:26.5	1764323786.6	1.993e+04	1.050e-01	1.050e-01	1	1.681e-07	
09:56:28.6	1764323788.6	1.988e+04	1.053e-01	1.050e-01	1	1.593e-07	
09:56:30.6	1764323790.7	1.988e+04	1.053e-01	1.050e-01	1	1.572e-07	
09:56:32.7	1764323792.7	1.988e+04	1.053e-01	1.050e-01	1	1.562e-07	
09:56:34.7	1764323794.8	1.991e+04	1.052e-01	1.050e-01	1	1.595e-07	
09:56:36.7	1764323796.8	1.987e+04	1.053e-01	1.050e-01	1	1.537e-07	
09:56:38.8	1764323798.9	1.984e+04	1.055e-01	1.050e-01	1	1.495e-07	
09:56:40.8	1764323800.9	1.986e+04	1.054e-01	1.050e-01	1	1.453e-07	
09:56:42.9	1764323803.0	1.988e+04	1.053e-01	1.050e-01	1	1.509e-07	
09:56:44.9	1764323805.0	1.982e+04	1.056e-01	1.050e-01	1	1.429e-07	
09:56:47.0	1764323807.0	1.982e+04	1.056e-01	1.050e-01	1	1.395e-07	
09:56:49.0	1764323809.1	1.987e+04	1.053e-01	1.050e-01	1	1.439e-07	
09:56:51.1	1764323811.1	1.993e+04	1.051e-01	1.050e-01	1	1.511e-07	
09:56:53.1	1764323813.2	1.989e+04	1.052e-01	1.050e-01	1	1.471e-07	
09:56:55.1	1764323815.2	1.989e+04	1.053e-01	1.050e-01	1	1.437e-07	
09:56:57.2	1764323817.3	1.983e+04	1.055e-01	1.050e-01	1	1.361e-07	
09:56:59.2	1764323819.3	1.988e+04	1.053e-01	1.050e-01	1	1.406e-07	
09:57:01.3	1764323821.4	1.986e+04	1.054e-01	1.050e-01	1	1.371e-07	
09:57:03.3	1764323823.4	1.990e+04	1.052e-01	1.050e-01	1	1.439e-07	
09:57:05.4	1764323825.5	1.991e+04	1.051e-01	1.050e-01	1	1.424e-07	
09:57:07.4	1764323827.5	1.995e+04	1.050e-01	1.050e-01	1	1.468e-07	
09:57:09.5	1764323829.6	1.999e+04	1.048e-01	1.050e-01	1	1.544e-07	
09:57:11.5	1764323831.6	2.000e+04	1.047e-01	1.050e-01	1	1.567e-07	
09:57:13.5	1764323833.6	1.997e+04	1.049e-01	1.050e-01	1	1.546e-07	
09:57:15.6	1764323835.7	1.995e+04	1.050e-01	1.050e-01	1	1.509e-07	
09:57:17.6	1764323837.7	1.990e+04	1.052e-01	1.050e-01	1	1.446e-07	
09:57:19.7	1764323839.8	1.989e+04	1.052e-01	1.050e-01	1	1.416e-07	
09:57:21.7	1764323841.8	1.987e+04	1.053e-01	1.050e-01	1	1.385e-07	
09:57:23.8	1764323843.8	1.988e+04	1.053e-01	1.050e-01	1	1.362e-07	
09:57:25.8	1764323845.9	1.989e+04	1.052e-01	1.050e-01	1	1.358e-07	
09:57:27.9	1764323848.0	1.994e+04	1.050e-01	1.050e-01	1	1.430e-07	
09:57:29.9	1764323850.0	1.992e+04	1.051e-01	1.050e-01	1	1.428e-07	
09:57:31.9	1764323852.1	1.990e+04	1.052e-01	1.050e-01	1	1.397e-07	
09:57:34.0	1764323854.1	1.991e+04	1.052e-01	1.050e-01	1	1.413e-07	
09:57:36.0	1764323856.1	1.995e+04	1.050e-01	1.050e-01	1	1.441e-07	
09:57:38.1	1764323858.2	1.990e+04	1.052e-01	1.050e-01	1	1.385e-07	
09:57:40.1	1764323860.2	1.990e+04	1.052e-01	1.050e-01	1	1.371e-07	
09:57:42.2	1764323862.3	1.984e+04	1.055e-01	1.050e-01	1	1.276e-07	
09:57:44.2	1764323864.3	1.984e+04	1.055e-01	1.050e-01	1	1.261e-07	
09:57:46.3	1764323866.4	1.991e+04	1.052e-01	1.050e-01	1	1.308e-07	
09:57:48.3	1764323868.4	1.994e+04	1.050e-01	1.050e-01	1	1.359e-07	
09:57:50.3	1764323870.5	1.997e+04	1.049e-01	1.050e-01	1	1.432e-07	
09:57:52.4	1764323872.5	1.994e+04	1.050e-01	1.050e-01	1	1.379e-07	
09:57:54.4	1764323874.5	1.991e+04	1.051e-01	1.050e-01	1	1.350e-07	
09:57:56.5	1764323876.6	1.992e+04	1.051e-01	1.050e-01	1	1.355e-07	
09:57:58.6	1764323878.6	1.995e+04	1.050e-01	1.050e-01	1	1.399e-07	
09:58:00.6	1764323880.7	1.992e+04	1.051e-01	1.050e-01	1	1.337e-07	
09:58:02.6	1764323882.7	1.993e+04	1.051e-01	1.050e-01	1	1.350e-07	
09:58:04.7	1764323884.8	1.989e+04	1.052e-01	1.050e-01	1	1.283e-07	
09:58:06.7	1764323886.8	1.990e+04	1.052e-01	1.050e-01	1	1.313e-07	
09:58:08.8	1764323888.9	1.991e+04	1.052e-01	1.050e-01	1	1.292e-07	
09:58:10.8	1764323890.9	1.993e+04	1.051e-01	1.050e-01	1	1.327e-07	
09:58:12.9	1764323892.9	1.989e+04	1.052e-01	1.050e-01	1	1.308e-07	
09:58:14.9	1764323895.0	1.987e+04	1.054e-01	1.050e-01	1	1.236e-07	
09:58:17.0	1764323897.0	1.984e+04	1.055e-01	1.050e-01	1	1.200e-07	
09:58:19.0	1764323899.1	1.990e+04	1.052e-01	1.050e-01	1	1.237e-07	
09:58:21.0	1764323901.1	1.988e+04	1.053e-01	1.050e-01	1	1.236e-07	
09:58:23.1	1764323903.2	1.991e+04	1.051e-01	1.050e-01	1	1.273e-07	
09:58:25.1	1764323905.2	1.991e+04	1.051e-01	1.050e-01	1	1.256e-07	
09:58:27.2	1764323907.3	1.994e+04	1.050e-01	1.050e-01	1	1.296e-07	
09:58:29.2	1764323909.3	1.993e+04	1.051e-01	1.050e-01	1	1.300e-07	
09:58:31.2	1764323911.3	1.989e+04	1.052e-01	1.050e-01	1	1.225e-07	
09:58:33.3	1764323913.4	1.987e+04	1.053e-01	1.050e-01	1	1.199e-07	
09:58:35.4	1764323915.4	1.982e+04	1.056e-01	1.050e-01	1	1.103e-07	
09:58:37.4	1764323917.5	1.979e+04	1.057e-01	1.050e-01	1	1.053e-07	
09:58:39.4	1764323919.5	1.986e+04	1.054e-01	1.050e-01	1	1.125e-07	
09:58:41.5	1764323921.6	1.990e+04	1.052e-01	1.050e-01	1	1.162e-07	
09:58:43.5	1764323923.6	1.987e+04	1.053e-01	1.050e-01	1	1.134e-07	
09:58:45.6	1764323925.7	1.986e+04	1.054e-01	1.050e-01	1	1.106e-07	
09:58:47.6	1764323927.7	1.982e+04	1.056e-01	1.050e-01	1	1.050e-07	
09:58:49.7	1764323929.7	1.983e+04	1.055e-01	1.050e-01	1	1.037e-07	
09:58:51.7	1764323931.8	1.988e+04	1.053e-01	1.050e-01	1	1.077e-07	
09:58:53.8	1764323933.9	1.997e+04	1.049e-01	1.050e-01	1	1.192e-07	
09:58:55.8	1764323935.9	1.996e+04	1.049e-01	1.050e-01	1	1.188e-07	
09:58:57.8	1764323938.0	1.990e+04	1.052e-01	1.050e-01	1	1.141e-07	
09:58:59.9	1764323940.0	1.984e+04	1.055e-01	1.050e-01	1	1.041e-07	
09:59:01.9	1764323942.0	1.992e+04	1.051e-01	1.050e-01	1	1.118e-07	
09:59:04.0	1764323944.1	1.997e+04	1.049e-01	1.050e-01	1	1.162e-07	
09:59:06.0	1764323946.1	1.995e+04	1.050e-01	1.050e-01	1	1.193e-07	
09:59:08.1	1764323948.2	1.991e+04	1.052e-01	1.050e-01	1	1.104e-07	
09:59:10.1	1764323950.2	1.985e+04	1.054e-01	1.050e-01	1	1.034e-07	
09:59:12.2	1764323952.3	1.985e+04	1.054e-01	1.050e-01	1	1.009e-07	
09:59:14.2	1764323954.3	1.987e+04	1.054e-01	1.050e-01	1	1.007e-07	
09:59:16.2	1764323956.4	1.992e+04	1.051e-01	1.050e-01	1	1.084e-07	
09:59:18.3	1764323958.4	1.997e+04	1.049e-01	1.050e-01	1	1.147e-07	
09:59:20.3	1764323960.4	1.995e+04	1.050e-01	1.050e-01	1	1.124e-07	
09:59:22.4	1764323962.5	1.992e+04	1.051e-01	1.050e-01	1	1.085e-07	
09:59:24.4	1764323964.5	1.987e+04	1.053e-01	1.050e-01	1	1.013e-07	
09:59:26.5	1764323966.6	1.991e+04	1.052e-01	1.050e-01	1	1.044e-07	
09:59:28.5	1764323968.6	1.989e+04	1.052e-01	1.050e-01	1	1.010e-07	
09:59:30.6	1764323970.7	1.993e+04	1.051e-01	1.050e-01	1	1.057e-07	
09:59:32.6	1764323972.7	1.990e+04	1.052e-01	1.050e-01	1	1.014e-07	
09:59:34.6	1764323974.8	1.991e+04	1.051e-01	1.050e-01	1	1.027e-07	
09:59:36.7	1764323976.8	1.985e+04	1.054e-01	1.050e-01	1	9.621e-08	
09:59:38.8	1764323978.8	1.986e+04	1.054e-01	1.050e-01	1	9.366e-08	
09:59:40.8	1764323980.9	1.986e+04	1.054e-01	1.050e-01	1	9.469e-08	
09:59:42.9	1764323982.9	1.987e+04	1.053e-01	1.050e-01	1	9.648e-08	
09:59:44.9	1764323985.0	1.986e+04	1.054e-01	1.050e-01	1	9.276e-08	
09:59:46.9	1764323987.0	1.982e+04	1.056e-01	1.050e-01	1	8.721e-08	
09:59:49.0	1764323989.1	1.983e+04	1.055e-01	1.050e-01	1	8.468e-08	
09:59:51.0	1764323991.1	1.981e+04	1.056e-01	1.050e-01	1	8.293e-08	
09:59:53.1	1764323993.2	1.981e+04	1.056e-01	1.050e-01	1	8.199e-08	
09:59:55.1	1764323995.2	1.987e+04	1.053e-01	1.050e-01	1	8.624e-08	
09:59:57.2	1764323997.2	1.986e+04	1.054e-01	1.050e-01	1	8.526e-08	
09:59:59.2	1764323999.3	1.987e+04	1.053e-01	1.050e-01	1	8.576e-08	
10:00:01.3	1764324001.3	1.990e+04	1.052e-01	1.050e-01	1	8.642e-08	
10:00:03.3	1764324003.4	1.991e+04	1.052e-01	1.050e-01	1	8.754e-08	
10:00:05.3	1764324005.4	1.994e+04	1.050e-01	1.050e-01	1	9.145e-08	
10:00:07.4	1764324007.5	1.999e+04	1.048e-01	1.050e-01	1	9.465e-08	
10:00:09.4	1764324009.5	1.997e+04	1.049e-01	1.050e-01	1	9.577e-08	
10:00:11.5	1764324011.6	2.000e+04	1.047e-01	1.050e-01	1	9.996e-08	
10:00:13.5	1764324013.6	2.001e+04	1.047e-01	1.050e-01	1	1.003e-07	
10:00:15.6	1764324015.6	2.000e+04	1.047e-01	1.050e-01	1	1.029e-07	
10:00:17.6	1764324017.7	1.995e+04	1.050e-01	1.050e-01	1	9.611e-08	
10:00:19.7	1764324019.7	1.997e+04	1.049e-01	1.050e-01	1	9.783e-08	
10:00:21.7	1764324021.8	1.992e+04	1.051e-01	1.050e-01	1	9.284e-08	
10:00:23.7	1764324023.8	1.998e+04	1.048e-01	1.050e-01	1	9.895e-08	
10:00:25.8	1764324025.9	1.996e+04	1.049e-01	1.050e-01	1	9.846e-08	
10:00:27.8	1764324027.9	1.996e+04	1.049e-01	1.050e-01	1	9.956e-08	
10:00:29.9	1764324030.0	1.987e+04	1.053e-01	1.050e-01	1	8.851e-08	
10:00:31.9	1764324032.0	1.987e+04	1.053e-01	1.050e-01	1	8.623e-08	
10:00:34.0	1764324034.0	1.990e+04	1.052e-01	1.050e-01	1	8.751e-08	
10:00:36.0	1764324036.1	1.994e+04	1.050e-01	1.050e-01	1	9.067e-08	
10:00:38.1	1764324038.1	1.995e+04	1.050e-01	1.050e-01	1	9.260e-08	
10:00:40.1	1764324040.2	1.999e+04	1.048e-01	1.050e-01	1	9.765e-08	
10:00:42.1	1764324042.2	1.993e+04	1.050e-01	1.050e-01	1	9.178e-08	
10:00:44.2	1764324044.3	1.999e+04	1.048e-01	1.050e-01	1	9.818e-08	
10:00:46.2	1764324046.3	1.998e+04	1.048e-01	1.050e-01	1	9.591e-08	
10:00:48.3	1764324048.4	1.993e+04	1.051e-01	1.050e-01	1	9.302e-08	
10:00:50.3	1764324050.4	1.988e+04	1.053e-01	1.050e-01	1	8.526e-08	
10:00:52.4	1764324052.4	1.989e+04	1.052e-01	1.050e-01	1	8.683e-08	
10:00:54.4	1764324054.5	1.988e+04	1.053e-01	1.050e-01	1	8.633e-08	
10:00:56.5	1764324056.5	1.991e+04	1.051e-01	1.050e-01	1	8.793e-08	
10:00:58.5	1764324058.6	1.995e+04	1.050e-01	1.050e-01	1	9.228e-08	
10:01:00.5	1764324060.6	1.993e+04	1.051e-01	1.050e-01	1	9.078e-08	
10:01:02.6	1764324062.7	1.988e+04	1.053e-01	1.050e-01	1	8.491e-08	
10:01:04.6	1764324064.7	1.987e+04	1.053e-01	1.050e-01	1	8.224e-08	
10:01:06.7	1764324066.8	1.989e+04	1.052e-01	1.050e-01	1	8.353e-08	
10:01:08.7	1764324068.8	1.988e+04	1.053e-01	1.050e-01	1	8.311e-08	
10:01:10.8	1764324070.8	1.988e+04	1.053e-01	1.050e-01	1	8.162e-08	
10:01:12.8	1764324072.9	1.981e+04	1.056e-01	1.050e-01	1	7.436e-08	
10:01:14.9	1764324075.0	1.981e+04	1.056e-01	1.050e-01	1	6.907e-08	
10:01:16.9	1764324077.0	1.983e+04	1.055e-01	1.050e-01	1	7.167e-08	
10:01:18.9	1764324079.1	1.991e+04	1.052e-01	1.050e-01	1	7.806e-08	
10:01:21.0	1764324081.1	1.993e+04	1.050e-01	1.050e-01	1	8.073e-08	
10:01:23.0	1764324083.1	1.995e+04	1.050e-01	1.050e-01	1	8.395e-08	
10:01:25.1	1764324085.2	1.988e+04	1.053e-01	1.050e-01	1	7.623e-08	
10:01:27.1	1764324087.2	1.990e+04	1.052e-01	1.050e-01	1	7.788e-08	
10:01:29.2	1764324089.2	1.989e+04	1.052e-01	1.050e-01	1	7.600e-08	
10:01:31.2	1764324091.3	1.992e+04	1.051e-01	1.050e-01	1	7.903e-08	
10:01:33.3	1764324093.4	1.990e+04	1.052e-01	1.050e-01	1	7.573e-08	
10:01:35.3	1764324095.4	1.989e+04	1.052e-01	1.050e-01	1	7.558e-08	
10:01:37.3	1764324097.5	1.984e+04	1.055e-01	1.050e-01	1	7.041e-08	
10:01:39.4	1764324099.5	1.982e+04	1.056e-01	1.050e-01	1	6.540e-08	
10:01:41.4	1764324101.5	1.985e+04	1.054e-01	1.050e-01	1	6.675e-08	
10:01:43.5	1764324103.6	1.989e+04	1.052e-01	1.050e-01	1	7.012e-08	
10:01:45.5	1764324105.6	1.986e+04	1.054e-01	1.050e-01	1	6.825e-08	
10:01:47.6	1764324107.6	1.988e+04	1.053e-01	1.050e-01	1	7.006e-08	
10:01:49.6	1764324109.7	1.989e+04	1.052e-01	1.050e-01	1	6.930e-08	
10:01:51.7	1764324111.8	1.989e+04	1.052e-01	1.050e-01	1	6.812e-08	
10:01:53.7	1764324113.8	1.992e+04	1.051e-01	1.050e-01	1	7.026e-08	
10:01:55.7	1764324115.9	1.995e+04	1.050e-01	1.050e-01	1	7.384e-08	
10:01:57.8	1764324117.9	1.991e+04	1.052e-01	1.050e-01	1	7.109e-08	
10:01:59.8	1764324119.9	1.987e+04	1.053e-01	1.050e-01	1	6.511e-08	
10:02:01.9	1764324122.0	1.987e+04	1.053e-01	1.050e-01	1	6.421e-08	
10:02:03.9	1764324124.0	1.985e+04	1.054e-01	1.050e-01	1	6.187e-08	
10:02:06.0	1764324126.1	1.984e+04	1.055e-01	1.050e-01	1	5.887e-08	
10:02:08.0	1764324128.1	1.986e+04	1.054e-01	1.050e-01	1	6.068e-08	
10:02:10.1	1764324130.2	1.986e+04	1.054e-01	1.050e-01	1	6.078e-08	
10:02:12.1	1764324132.2	1.988e+04	1.053e-01	1.050e-01	1	6.133e-08	
10:02:14.1	1764324134.3	1.983e+04	1.055e-01	1.050e-01	1	5.563e-08	
10:02:16.2	1764324136.3	1.987e+04	1.053e-01	1.050e-01	1	5.888e-08	
10:02:18.2	1764324138.3	1.988e+04	1.053e-01	1.050e-01	1	5.992e-08	
10:02:20.3	1764324140.4	1.994e+04	1.050e-01	1.050e-01	1	6.479e-08	
10:02:22.4	1764324142.4	1.996e+04	1.049e-01	1.050e-01	1	6.664e-08	
10:02:24.4	1764324144.5	1.991e+04	1.052e-01	1.050e-01	1	6.213e-08	
10:02:26.4	1764324146.5	1.991e+04	1.051e-01	1.050e-01	1	6.129e-08	
10:02:28.5	1764324148.6	1.990e+04	1.052e-01	1.050e-01	1	5.922e-08	
10:02:30.5	1764324150.6	1.987e+04	1.053e-01	1.050e-01	1	5.830e-08	
10:02:32.5	1764324152.7	1.983e+04	1.055e-01	1.050e-01	1	5.348e-08	
10:02:34.6	1764324154.7	1.985e+04	1.054e-01	1.050e-01	1	5.357e-08	
10:02:36.6	1764324156.7	1.995e+04	1.050e-01	1.050e-01	1	6.173e-08	
10:02:38.7	1764324158.8	1.995e+04	1.050e-01	1.050e-01	1	6.389e-08	
10:02:40.8	1764324160.8	1.990e+04	1.052e-01	1.050e-01	1	5.782e-08	
10:02:42.8	1764324162.9	1.991e+04	1.052e-01	1.050e-01	1	5.702e-08	
10:02:44.8	1764324164.9	1.990e+04	1.052e-01	1.050e-01	1	5.695e-08	
10:02:46.9	1764324167.0	1.991e+04	1.052e-01	1.050e-01	1	5.700e-08	
10:02:48.9	1764324169.0	1.989e+04	1.053e-01	1.050e-01	1	5.512e-08	
10:02:51.0	1764324171.1	1.988e+04	1.053e-01	1.050e-01	1	5.327e-08	
10:02:53.0	1764324173.1	1.990e+04	1.052e-01	1.050e-01	1	5.513e-08	
10:02:55.1	1764324175.1	1.996e+04	1.049e-01	1.050e-01	1	5.979e-08	
10:02:57.1	1764324177.2	2.002e+04	1.047e-01	1.050e-01	1	6.665e-08	
10:02:59.2	1764324179.2	1.996e+04	1.049e-01	1.050e-01	1	6.247e-08	
10:03:01.2	1764324181.3	1.987e+04	1.053e-01	1.050e-01	1	5.621e-08	
10:03:03.2	1764324183.4	1.981e+04	1.056e-01	1.050e-01	1	4.716e-08	
10:03:05.3	1764324185.4	1.980e+04	1.056e-01	1.050e-01	1	4.734e-08	
10:03:07.3	1764324187.4	1.990e+04	1.052e-01	1.050e-01	1	5.229e-08	
10:03:09.4	1764324189.5	1.993e+04	1.050e-01	1.050e-01	1	5.743e-08	
10:03:11.4	1764324191.5	1.989e+04	1.052e-01	1.050e-01	1	5.245e-08	
10:03:13.5	1764324193.6	1.990e+04	1.052e-01	1.050e-01	1	5.254e-08	
10:03:15.5	1764324195.6	1.990e+04	1.052e-01	1.050e-01	1	5.152e-08	
10:03:17.6	1764324197.7	1.999e+04	1.048e-01	1.050e-01	1	5.903e-08	
10:03:19.6	1764324199.7	1.989e+04	1.053e-01	1.050e-01	1	4.929e-08	
10:03:21.6	1764324201.8	1.990e+04	1.052e-01	1.050e-01	1	5.173e-08	
10:03:23.7	1764324203.8	1.993e+04	1.051e-01	1.050e-01	1	5.201e-08	
10:03:25.8	1764324205.8	1.996e+04	1.049e-01	1.050e-01	1	5.562e-08	
10:03:27.8	1764324207.9	1.997e+04	1.049e-01	1.050e-01	1	5.879e-08	
10:03:29.9	1764324209.9	1.999e+04	1.048e-01	1.050e-01	1	6.018e-08	
10:03:31.9	1764324212.0	1.995e+04	1.050e-01	1.050e-01	1	5.576e-08	
10:03:33.9	1764324214.0	1.996e+04	1.049e-01	1.050e-01	1	5.661e-08	
10:03:36.0	1764324216.1	1.996e+04	1.049e-01	1.050e-01	1	5.696e-08	
10:03:38.0	1764324218.1	1.996e+04	1.049e-01	1.050e-01	1	5.678e-08	
10:03:40.1	1764324220.2	1.999e+04	1.048e-01	1.050e-01	1	6.123e-08	
10:03:42.1	1764324222.2	2.003e+04	1.046e-01	1.050e-01	1	6.582e-08	
10:03:44.2	1764324224.2	1.992e+04	1.051e-01	1.050e-01	1	5.737e-08	
10:03:46.2	1764324226.3	1.986e+04	1.054e-01	1.050e-01	1	4.980e-08	
10:03:48.3	1764324228.3	1.988e+04	1.053e-01	1.050e-01	1	4.819e-08	
10:03:50.3	1764324230.4	1.990e+04	1.052e-01	1.050e-01	1	5.076e-08	
10:03:52.3	1764324232.5	1.990e+04	1.052e-01	1.050e-01	1	5.111e-08	
10:03:54.4	1764324234.5	1.988e+04	1.053e-01	1.050e-01	1	4.873e-08	
10:03:56.4	1764324236.5	1.991e+04	1.052e-01	1.050e-01	1	5.077e-08	
10:03:58.5	1764324238.6	1.993e+04	1.050e-01	1.050e-01	1	5.243e-08	
10:04:00.5	1764324240.6	1.994e+04	1.050e-01	1.050e-01	1	5.391e-08	
10:04:02.6	1764324242.6	1.992e+04	1.051e-01	1.050e-01	1	5.321e-08	
10:04:04.6	1764324244.7	1.993e+04	1.050e-01	1.050e-01	1	5.331e-08	
10:04:06.7	1764324246.8	1.991e+04	1.052e-01	1.050e-01	1	5.137e-08	
10:04:08.7	1764324248.8	1.994e+04	1.050e-01	1.050e-01	1	5.323e-08	
10:04:10.7	1764324250.9	1.990e+04	1.052e-01	1.050e-01	1	5.007e-08	
10:04:12.8	1764324252.9	1.991e+04	1.052e-01	1.050e-01	1	5.069e-08	
10:04:14.8	1764324254.9	1.995e+04	1.050e-01	1.050e-01	1	5.267e-08	
10:04:16.9	1764324257.0	2.000e+04	1.048e-01	1.050e-01	1	5.838e-08	
10:04:18.9	1764324259.0	2.000e+04	1.047e-01	1.050e-01	1	5.851e-08	
10:04:21.0	1764324261.1	1.993e+04	1.051e-01	1.050e-01	1	5.447e-08	
10:04:23.0	1764324263.1	1.992e+04	1.051e-01	1.050e-01	1	5.196e-08	
10:04:25.1	1764324265.2	1.992e+04	1.051e-01	1.050e-01	1	5.188e-08	
10:04:27.1	1764324267.2	1.990e+04	1.052e-01	1.050e-01	1	4.905e-08	
10:04:29.1	1764324269.3	1.982e+04	1.055e-01	1.050e-01	1	4.286e-08	
10:04:31.2	1764324271.3	1.985e+04	1.054e-01	1.050e-01	1	4.262e-08	
10:04:33.2	1764324273.3	1.993e+04	1.051e-01	1.050e-01	1	4.815e-08	
10:04:35.3	1764324275.4	1.994e+04	1.050e-01	1.050e-01	1	5.067e-08	
10:04:37.4	1764324277.4	1.991e+04	1.051e-01	1.050e-01	1	4.771e-08	
10:04:39.4	1764324279.5	1.991e+04	1.051e-01	1.050e-01	1	4.805e-08	
10:04:41.4	1764324281.5	1.995e+04	1.050e-01	1.050e-01	1	5.077e-08	
10:04:43.5	1764324283.6	1.998e+04	1.048e-01	1.050e-01	1	5.280e-08	
10:04:45.5	1764324285.6	1.991e+04	1.051e-01	1.050e-01	1	5.007e-08	
10:04:47.6	1764324287.7	1.988e+04	1.053e-01	1.050e-01	1	4.622e-08	
10:04:49.6	1764324289.7	1.986e+04	1.054e-01	1.050e-01	1	4.378e-08	
10:04:51.7	1764324291.7	1.986e+04	1.054e-01	1.050e-01	1	4.327e-08	
10:04:53.7	1764324293.8	1.986e+04	1.054e-01	1.050e-01	1	4.233e-08	
10:04:55.8	1764324295.8	1.987e+04	1.054e-01	1.050e-01	1	4.204e-08	
10:04:57.8	1764324297.9	1.994e+04	1.050e-01	1.050e-01	1	4.549e-08	
10:04:59.8	1764324299.9	1.990e+04	1.052e-01	1.050e-01	1	4.524e-08	
10:05:01.9	1764324302.0	1.985e+04	1.054e-01	1.050e-01	1	3.861e-08	
10:05:03.9	1764324304.0	1.982e+04	1.056e-01	1.050e-01	1	3.648e-08	
10:05:06.0	1764324306.1	1.989e+04	1.052e-01	1.050e-01	1	4.077e-08	
10:05:08.0	1764324308.1	1.985e+04	1.054e-01	1.050e-01	1	3.831e-08	
10:05:10.1	1764324310.1	1.987e+04	1.054e-01	1.050e-01	1	3.835e-08	
10:05:12.1	1764324312.2	1.990e+04	1.052e-01	1.050e-01	1	3.959e-08	
10:05:14.2	1764324314.2	1.992e+04	1.051e-01	1.050e-01	1	4.322e-08	
10:05:16.2	1764324316.3	1.989e+04	1.052e-01	1.050e-01	1	3.996e-08	
10:05:18.2	1764324318.3	1.990e+04	1.052e-01	1.050e-01	1	3.863e-08	
10:05:20.3	1764324320.4	1.991e+04	1.052e-01	1.050e-01	1	3.893e-08	
10:05:22.3	1764324322.4	1.990e+04	1.052e-01	1.050e-01	1	3.974e-08	
10:05:24.4	1764324324.5	1.987e+04	1.053e-01	1.050e-01	1	3.647e-08	
10:05:26.4	1764324326.5	1.985e+04	1.054e-01	1.050e-01	1	3.357e-08	
10:05:28.5	1764324328.5	1.985e+04	1.054e-01	1.050e-01	1	3.240e-08	
10:05:30.5	1764324330.6	1.993e+04	1.051e-01	1.050e-01	1	3.808e-08	
10:05:32.6	1764324332.6	1.996e+04	1.049e-01	1.050e-01	1	4.026e-08	
10:05:34.6	1764324334.7	1.995e+04	1.050e-01	1.050e-01	1	4.036e-08	
10:05:36.6	1764324336.7	1.992e+04	1.051e-01	1.050e-01	1	3.863e-08	
10:05:38.7	1764324338.8	1.992e+04	1.051e-01	1.050e-01	1	3.959e-08	
10:05:40.7	1764324340.8	1.992e+04	1.051e-01	1.050e-01	1	3.840e-08	
10:05:42.8	1764324342.9	1.993e+04	1.050e-01	1.050e-01	1	3.976e-08	
10:05:44.8	1764324344.9	1.993e+04	1.051e-01	1.050e-01	1	3.826e-08	
10:05:46.9	1764324346.9	1.994e+04	1.050e-01	1.050e-01	1	3.884e-08	
10:05:48.9	1764324349.0	1.993e+04	1.051e-01	1.050e-01	1	3.915e-08	
10:05:51.0	1764324351.1	1.990e+04	1.052e-01	1.050e-01	1	3.634e-08	
10:05:53.0	1764324353.1	1.986e+04	1.054e-01	1.050e-01	1	3.394e-08	
10:05:55.0	1764324355.2	1.991e+04	1.051e-01	1.050e-01	1	3.538e-08	
10:05:57.1	1764324357.2	1.998e+04	1.048e-01	1.050e-01	1	4.107e-08	
10:05:59.1	1764324359.2	2.001e+04	1.047e-01	1.050e-01	1	4.482e-08	
10:06:01.2	1764324361.3	1.994e+04	1.050e-01	1.050e-01	1	3.886e-08	
10:06:03.3	1764324363.3	1.988e+04	1.053e-01	1.050e-01	1	3.480e-08	
10:06:05.3	1764324365.4	1.988e+04	1.053e-01	1.050e-01	1	3.288e-08	
10:06:07.3	1764324367.4	1.993e+04	1.051e-01	1.050e-01	1	3.630e-08	
10:06:09.4	1764324369.5	1.990e+04	1.052e-01	1.050e-01	1	3.556e-08	
10:06:11.4	1764324371.5	1.991e+04	1.051e-01	1.050e-01	1	3.643e-08	
10:06:13.5	1764324373.6	1.995e+04	1.050e-01	1.050e-01	1	3.726e-08	
10:06:15.5	1764324375.6	2.000e+04	1.048e-01	1.050e-01	1	4.059e-08	
10:06:17.6	1764324377.6	1.997e+04	1.049e-01	1.050e-01	1	4.076e-08	
10:06:19.6	1764324379.7	2.001e+04	1.047e-01	1.050e-01	1	4.315e-08	
10:06:21.7	1764324381.7	1.997e+04	1.049e-01	1.050e-01	1	4.011e-08	
10:06:23.7	1764324383.8	1.998e+04	1.048e-01	1.050e-01	1	4.315e-08	
10:06:25.7	1764324385.8	2.002e+04	1.046e-01	1.050e-01	1	4.467e-08	
10:06:27.8	1764324387.9	2.000e+04	1.047e-01	1.050e-01	1	4.549e-08	
10:06:29.8	1764324389.9	1.994e+04	1.050e-01	1.050e-01	1	4.043e-08	
10:06:31.8	1764324392.0	1.993e+04	1.051e-01	1.050e-01	1	3.875e-08	
10:06:33.9	1764324394.0	1.996e+04	1.049e-01	1.050e-01	1	4.148e-08	
10:06:36.0	1764324396.0	1.995e+04	1.050e-01	1.050e-01	1	4.126e-08	
10:06:38.0	1764324398.1	1.991e+04	1.052e-01	1.050e-01	1	3.773e-08	
10:06:40.1	1764324400.1	1.994e+04	1.050e-01	1.050e-01	1	3.923e-08	
10:06:42.1	1764324402.2	1.997e+04	1.049e-01	1.050e-01	1	4.327e-08	
10:06:44.1	1764324404.2	2.002e+04	1.047e-01	1.050e-01	1	4.565e-08	
10:06:46.2	1764324406.3	2.000e+04	1.047e-01	1.050e-01	1	4.530e-08	
10:06:48.2	1764324408.3	2.000e+04	1.048e-01	1.050e-01	1	4.583e-08	
10:06:50.3	1764324410.4	1.996e+04	1.049e-01	1.050e-01	1	4.286e-08	
10:06:52.3	1764324412.4	1.992e+04	1.051e-01	1.050e-01	1	4.019e-08	
10:06:54.4	1764324414.4	1.992e+04	1.051e-01	1.050e-01	1	4.071e-08	
10:06:56.4	1764324416.5	1.992e+04	1.051e-01	1.050e-01	1	4.001e-08	
10:06:58.5	1764324418.6	1.992e+04	1.051e-01	1.050e-01	1	3.975e-08	
10:07:00.5	1764324420.6	1.993e+04	1.051e-01	1.050e-01	1	4.008e-08	
10:07:02.5	1764324422.6	1.996e+04	1.049e-01	1.050e-01	1	4.124e-08	
10:07:04.6	1764324424.7	1.992e+04	1.051e-01	1.050e-01	1	4.118e-08	
10:07:06.6	1764324426.7	1.992e+04	1.051e-01	1.050e-01	1	3.865e-08	
10:07:08.7	1764324428.8	1.990e+04	1.052e-01	1.050e-01	1	3.767e-08	
10:07:10.7	1764324430.8	1.996e+04	1.049e-01	1.050e-01	1	4.190e-08	
10:07:12.8	1764324432.8	2.000e+04	1.047e-01	1.050e-01	1	4.419e-08	
10:07:14.8	1764324434.9	2.000e+04	1.048e-01	1.050e-01	1	4.587e-08	
10:07:16.9	1764324436.9	2.001e+04	1.047e-01	1.050e-01	1	4.610e-08	
10:07:18.9	1764324439.0	2.002e+04	1.047e-01	1.050e-01	1	4.781e-08	
10:07:20.9	1764324441.0	2.002e+04	1.047e-01	1.050e-01	1	4.845e-08	
10:07:23.0	1764324443.1	1.996e+04	1.049e-01	1.050e-01	1	4.546e-08	
10:07:25.0	1764324445.1	1.993e+04	1.051e-01	1.050e-01	1	4.341e-08	
10:07:27.1	1764324447.2	1.995e+04	1.050e-01	1.050e-01	1	4.265e-08	
10:07:29.1	1764324449.2	2.000e+04	1.048e-01	1.050e-01	1	4.772e-08	
10:07:31.2	1764324451.2	1.998e+04	1.048e-01	1.050e-01	1	4.766e-08	
10:07:33.2	1764324453.3	1.999e+04	1.048e-01	1.050e-01	1	4.786e-08	
10:07:35.3	1764324455.3	1.997e+04	1.049e-01	1.050e-01	1	4.664e-08	
10:07:37.3	1764324457.4	1.998e+04	1.048e-01	1.050e-01	1	4.848e-08	
10:07:39.3	1764324459.5	1.997e+04	1.049e-01	1.050e-01	1	4.733e-08	
10:07:41.4	1764324461.5	2.000e+04	1.048e-01	1.050e-01	1	4.912e-08	
10:07:43.4	1764324463.5	2.000e+04	1.048e-01	1.050e-01	1	5.073e-08	
10:07:45.5	1764324465.6	2.000e+04	1.047e-01	1.050e-01	1	5.130e-08	
10:07:47.5	1764324467.6	1.999e+04	1.048e-01	1.050e-01	1	5.053e-08	
10:07:49.6	1764324469.6	2.001e+04	1.047e-01	1.050e-01	1	5.218e-08	
10:07:51.6	1764324471.7	2.003e+04	1.046e-01	1.050e-01	1	5.555e-08	
10:07:53.7	1764324473.7	2.007e+04	1.044e-01	1.050e-01	1	5.818e-08	
10:07:55.7	1764324475.8	2.003e+04	1.046e-01	1.050e-01	1	5.959e-08	
10:07:57.7	1764324477.9	2.004e+04	1.046e-01	1.050e-01	1	5.865e-08	
10:07:59.8	1764324479.9	2.001e+04	1.047e-01	1.050e-01	1	5.839e-08	
10:08:01.8	1764324481.9	2.002e+04	1.047e-01	1.050e-01	1	5.923e-08	
10:08:03.9	1764324484.0	2.002e+04	1.047e-01	1.050e-01	1	5.907e-08	
10:08:05.9	1764324486.0	2.001e+04	1.047e-01	1.050e-01	1	6.004e-08	
10:08:08.0	1764324488.1	2.002e+04	1.047e-01	1.050e-01	1	6.019e-08	
10:08:10.0	1764324490.1	2.001e+04	1.047e-01	1.050e-01	1	6.157e-08	
10:08:12.1	1764324492.2	1.998e+04	1.048e-01	1.050e-01	1	5.961e-08	
10:08:14.1	1764324494.2	1.994e+04	1.050e-01	1.050e-01	1	5.530e-08	
10:08:16.1	1764324496.3	1.988e+04	1.053e-01	1.050e-01	1	5.001e-08	
10:08:18.2	1764324498.3	2.001e+04	1.047e-01	1.050e-01	1	5.960e-08	
10:08:20.2	1764324500.3	1.999e+04	1.048e-01	1.050e-01	1	5.966e-08	
10:08:22.3	1764324502.4	2.000e+04	1.048e-01	1.050e-01	1	6.234e-08	
10:08:24.4	1764324504.4	1.998e+04	1.048e-01	1.050e-01	1	5.849e-08	
10:08:26.4	1764324506.5	2.004e+04	1.046e-01	1.050e-01	1	6.591e-08	
10:08:28.4	1764324508.5	2.006e+04	1.045e-01	1.050e-01	1	6.971e-08	
10:08:30.5	1764324510.6	1.999e+04	1.048e-01	1.050e-01	1	6.497e-08	
10:08:32.5	1764324512.6	1.994e+04	1.050e-01	1.050e-01	1	6.043e-08	
10:08:34.5	1764324514.7	1.995e+04	1.050e-01	1.050e-01	1	6.019e-08	
10:08:36.6	1764324516.7	1.996e+04	1.049e-01	1.050e-01	1	6.131e-08	
10:08:38.7	1764324518.7	2.000e+04	1.047e-01	1.050e-01	1	6.600e-08	
10:08:40.7	1764324520.8	2.006e+04	1.045e-01	1.050e-01	1	7.048e-08	
10:08:42.8	1764324522.8	2.006e+04	1.045e-01	1.050e-01	1	7.367e-08	
10:08:44.8	1764324524.9	2.009e+04	1.043e-01	1.050e-01	1	7.638e-08	
10:08:46.8	1764324526.9	2.005e+04	1.045e-01	1.050e-01	1	7.572e-08	
10:08:48.9	1764324529.0	2.002e+04	1.047e-01	1.050e-01	1	7.188e-08	
10:08:50.9	1764324531.0	1.998e+04	1.048e-01	1.050e-01	1	6.943e-08	
10:08:53.0	1764324533.1	2.005e+04	1.045e-01	1.050e-01	1	7.564e-08	
10:08:55.0	1764324535.1	2.007e+04	1.044e-01	1.050e-01	1	7.999e-08	
10:08:57.1	1764324537.1	2.010e+04	1.043e-01	1.050e-01	1	8.375e-08	
10:08:59.1	1764324539.2	2.010e+04	1.043e-01	1.050e-01	1	8.601e-08	
10:09:01.2	1764324541.2	2.010e+04	1.043e-01	1.050e-01	1	8.628e-08	
10:09:03.2	1764324543.3	2.004e+04	1.046e-01	1.050e-01	1	8.526e-08	
10:09:05.2	1764324545.3	1.998e+04	1.048e-01	1.050e-01	1	7.844e-08	
10:09:07.3	1764324547.4	1.991e+04	1.051e-01	1.050e-01	1	7.222e-08	
10:09:09.3	1764324549.4	1.996e+04	1.049e-01	1.050e-01	1	7.596e-08	
10:09:11.4	1764324551.5	2.001e+04	1.047e-01	1.050e-01	1	8.162e-08	
10:09:13.4	1764324553.5	2.004e+04	1.046e-01	1.050e-01	1	8.566e-08	
10:09:15.5	1764324555.5	2.001e+04	1.047e-01	1.050e-01	1	8.396e-08	
10:09:17.5	1764324557.6	2.002e+04	1.046e-01	1.050e-01	1	8.463e-08	
10:09:19.6	1764324559.6	2.007e+04	1.044e-01	1.050e-01	1	8.917e-08	
10:09:21.6	1764324561.7	2.008e+04	1.044e-01	1.050e-01	1	9.454e-08	
10:09:23.6	1764324563.7	2.010e+04	1.043e-01	1.050e-01	1	9.967e-08	
10:09:25.7	1764324565.8	2.005e+04	1.045e-01	1.050e-01	1	9.715e-08	
10:09:27.7	1764324567.8	2.007e+04	1.044e-01	1.050e-01	1	1.011e-07	
10:09:29.8	1764324569.9	2.003e+04	1.046e-01	1.050e-01	1	9.645e-08	
10:09:31.8	1764324571.9	2.002e+04	1.046e-01	1.050e-01	1	9.729e-08	
10:09:33.9	1764324573.9	2.001e+04	1.047e-01	1.050e-01	1	9.565e-08	
10:09:35.9	1764324576.0	2.002e+04	1.046e-01	1.050e-01	1	9.709e-08	
10:09:38.0	1764324578.0	2.003e+04	1.046e-01	1.050e-01	1	9.882e-08	
10:09:40.0	1764324580.1	2.001e+04	1.047e-01	1.050e-01	1	9.920e-08	
10:09:42.0	1764324582.1	1.995e+04	1.050e-01	1.050e-01	1	9.123e-08	
10:09:44.1	1764324584.2	1.995e+04	1.050e-01	1.050e-01	1	9.178e-08	
10:09:46.1	1764324586.2	1.999e+04	1.048e-01	1.050e-01	1	9.488e-08	
10:09:48.2	1764324588.3	2.002e+04	1.047e-01	1.050e-01	1	1.013e-07	
10:09:50.2	1764324590.3	2.002e+04	1.046e-01	1.050e-01	1	1.015e-07	
10:09:52.3	1764324592.3	2.007e+04	1.044e-01	1.050e-01	1	1.078e-07	
10:09:54.3	1764324594.4	2.005e+04	1.045e-01	1.050e-01	1	1.076e-07	
10:09:56.4	1764324596.4	1.999e+04	1.048e-01	1.050e-01	1	1.032e-07	
10:09:58.4	1764324598.5	1.991e+04	1.051e-01	1.050e-01	1	9.175e-08	
10:10:00.4	1764324600.5	1.993e+04	1.050e-01	1.050e-01	1	9.340e-08	
10:10:02.5	1764324602.6	2.001e+04	1.047e-01	1.050e-01	1	1.025e-07	
10:10:04.5	1764324604.6	2.004e+04	1.046e-01	1.050e-01	1	1.078e-07	
10:10:06.6	1764324606.7	2.007e+04	1.044e-01	1.050e-01	1	1.141e-07	
10:10:08.6	1764324608.7	2.004e+04	1.046e-01	1.050e-01	1	1.122e-07	
10:10:10.7	1764324610.7	2.002e+04	1.047e-01	1.050e-01	1	1.093e-07	
10:10:12.7	1764324612.8	2.004e+04	1.046e-01	1.050e-01	1	1.129e-07	
10:10:14.8	1764324614.9	2.004e+04	1.046e-01	1.050e-01	1	1.131e-07	
10:10:16.8	1764324616.9	2.004e+04	1.046e-01	1.050e-01	1	1.147e-07	
10:10:18.8	1764324618.9	2.007e+04	1.044e-01	1.050e-01	1	1.205e-07	
10:10:20.9	1764324621.0	2.013e+04	1.041e-01	1.050e-01	1	1.299e-07	
10:10:22.9	1764324623.0	2.013e+04	1.042e-01	1.050e-01	1	1.353e-07	
10:10:25.0	1764324625.1	2.009e+04	1.043e-01	1.050e-01	1	1.319e-07	
10:10:27.0	1764324627.1	2.002e+04	1.046e-01	1.050e-01	1	1.254e-07	
10:10:29.1	1764324629.1	2.004e+04	1.046e-01	1.050e-01	1	1.264e-07	
10:10:31.1	1764324631.2	1.998e+04	1.048e-01	1.050e-01	1	1.229e-07	
10:10:33.2	1764324633.2	1.998e+04	1.048e-01	1.050e-01	1	1.205e-07	
10:10:35.2	1764324635.3	2.000e+04	1.047e-01	1.050e-01	1	1.242e-07	
10:10:37.2	1764324637.3	2.006e+04	1.045e-01	1.050e-01	1	1.340e-07	
10:10:39.3	1764324639.4	2.005e+04	1.045e-01	1.050e-01	1	1.362e-07	
10:10:41.3	1764324641.4	2.001e+04	1.047e-01	1.050e-01	1	1.302e-07	
10:10:43.4	1764324643.5	1.995e+04	1.050e-01	1.050e-01	1	1.220e-07	
10:10:45.4	1764324645.5	1.999e+04	1.048e-01	1.050e-01	1	1.250e-07	
10:10:47.5	1764324647.5	2.000e+04	1.048e-01	1.050e-01	1	1.277e-07	
10:10:49.5	1764324649.6	2.001e+04	1.047e-01	1.050e-01	1	1.316e-07	
10:10:51.6	1764324651.6	1.997e+04	1.049e-01	1.050e-01	1	1.253e-07	
10:10:53.6	1764324653.7	1.994e+04	1.050e-01	1.050e-01	1	1.240e-07	
10:10:55.6	1764324655.7	1.996e+04	1.049e-01	1.050e-01	1	1.260e-07	
10:10:57.7	1764324657.8	1.998e+04	1.048e-01	1.050e-01	1	1.283e-07	
10:10:59.7	1764324659.8	2.004e+04	1.046e-01	1.050e-01	1	1.385e-07	
10:11:01.8	1764324661.9	2.003e+04	1.046e-01	1.050e-01	1	1.368e-07	
10:11:03.8	1764324663.9	2.000e+04	1.047e-01	1.050e-01	1	1.366e-07	
10:11:05.9	1764324665.9	2.003e+04	1.046e-01	1.050e-01	1	1.401e-07	
10:11:07.9	1764324668.0	2.004e+04	1.046e-01	1.050e-01	1	1.431e-07	
10:11:10.0	1764324670.0	2.007e+04	1.044e-01	1.050e-01	1	1.470e-07	
10:11:12.0	1764324672.1	2.009e+04	1.043e-01	1.050e-01	1	1.536e-07	
10:11:14.0	1764324674.1	2.007e+04	1.044e-01	1.050e-01	1	1.508e-07	
10:11:16.1	1764324676.2	2.000e+04	1.047e-01	1.050e-01	1	1.460e-07	
10:11:18.1	1764324678.2	2.003e+04	1.046e-01	1.050e-01	1	1.467e-07	
10:11:20.2	1764324680.3	2.000e+04	1.047e-01	1.050e-01	1	1.469e-07	
10:11:22.2	1764324682.3	2.003e+04	1.046e-01	1.050e-01	1	1.514e-07	
10:11:24.3	1764324684.4	2.004e+04	1.046e-01	1.050e-01	1	1.532e-07	
10:11:26.3	1764324686.4	2.003e+04	1.046e-01	1.050e-01	1	1.555e-07	
10:11:28.3	1764324688.4	2.000e+04	1.047e-01	1.050e-01	1	1.514e-07	
10:11:30.4	1764324690.5	1.995e+04	1.050e-01	1.050e-01	1	1.487e-07	
10:11:32.4	1764324692.5	1.991e+04	1.051e-01	1.050e-01	1	1.396e-07	
10:11:34.4	1764324694.6	1.992e+04	1.051e-01	1.050e-01	1	1.395e-07	
10:11:36.5	1764324696.6	1.992e+04	1.051e-01	1.050e-01	1	1.384e-07	
10:11:38.5	1764324698.6	1.995e+04	1.049e-01	1.050e-01	1	1.444e-07	
10:11:40.6	1764324700.7	1.992e+04	1.051e-01	1.050e-01	1	1.405e-07	
10:11:42.6	1764324702.7	1.996e+04	1.049e-01	1.050e-01	1	1.433e-07	
10:11:44.7	1764324704.8	1.995e+04	1.050e-01	1.050e-01	1	1.446e-07	
10:11:46.7	1764324706.8	1.997e+04	1.049e-01	1.050e-01	1	1.461e-07	
10:11:48.8	1764324708.8	1.992e+04	1.051e-01	1.050e-01	1	1.424e-07	
10:11:50.8	1764324710.9	1.989e+04	1.052e-01	1.050e-01	1	1.362e-07	
10:11:52.8	1764324712.9	1.989e+04	1.052e-01	1.050e-01	1	1.351e-07	
10:11:54.9	1764324715.0	1.993e+04	1.051e-01	1.050e-01	1	1.391e-07	
10:11:56.9	1764324717.0	1.992e+04	1.051e-01	1.050e-01	1	1.383e-07	
10:11:59.0	1764324719.0	1.990e+04	1.052e-01	1.050e-01	1	1.364e-07	
10:12:01.0	1764324721.1	1.990e+04	1.052e-01	1.050e-01	1	1.351e-07	
10:12:03.1	1764324723.1	1.987e+04	1.053e-01	1.050e-01	1	1.316e-07	
10:12:05.1	1764324725.2	1.992e+04	1.051e-01	1.050e-01	1	1.350e-07	
10:12:07.1	1764324727.2	1.999e+04	1.048e-01	1.050e-01	1	1.442e-07	
10:12:09.2	1764324729.3	1.995e+04	1.050e-01	1.050e-01	1	1.414e-07	
10:12:11.2	1764324731.3	1.987e+04	1.053e-01	1.050e-01	1	1.285e-07	
10:12:13.3	1764324733.4	1.984e+04	1.055e-01	1.050e-01	1	1.227e-07	
10:12:15.3	1764324735.4	1.992e+04	1.051e-01	1.050e-01	1	1.300e-07	
10:12:17.4	1764324737.4	1.990e+04	1.052e-01	1.050e-01	1	1.295e-07	
10:12:19.4	1764324739.5	1.993e+04	1.051e-01	1.050e-01	1	1.328e-07	
10:12:21.5	1764324741.5	1.998e+04	1.048e-01	1.050e-01	1	1.387e-07	
10:12:23.5	1764324743.6	1.999e+04	1.048e-01	1.050e-01	1	1.436e-07	
10:12:25.5	1764324745.6	1.986e+04	1.054e-01	1.050e-01	1	1.271e-07	
10:12:27.6	1764324747.7	1.986e+04	1.054e-01	1.050e-01	1	1.218e-07	
10:12:29.6	1764324749.7	1.991e+04	1.051e-01	1.050e-01	1	1.257e-07	
10:12:31.7	1764324751.8	2.003e+04	1.046e-01	1.050e-01	1	1.474e-07	
10:12:33.7	1764324753.8	1.996e+04	1.049e-01	1.050e-01	1	1.370e-07	
10:12:35.8	1764324755.8	1.993e+04	1.051e-01	1.050e-01	1	1.334e-07	
10:12:37.8	1764324757.9	1.994e+04	1.050e-01	1.050e-01	1	1.347e-07	
10:12:39.9	1764324759.9	1.998e+04	1.048e-01	1.050e-01	1	1.375e-07	
10:12:41.9	1764324762.0	1.998e+04	1.049e-01	1.050e-01	1	1.403e-07	
10:12:43.9	1764324764.0	1.995e+04	1.050e-01	1.050e-01	1	1.378e-07	
10:12:46.0	1764324766.1	2.000e+04	1.048e-01	1.050e-01	1	1.417e-07	
10:12:48.0	1764324768.1	1.999e+04	1.048e-01	1.050e-01	1	1.436e-07	
10:12:50.1	1764324770.2	2.001e+04	1.047e-01	1.050e-01	1	1.499e-07	
10:12:52.1	1764324772.2	2.000e+04	1.048e-01	1.050e-01	1	1.516e-07	
10:12:54.2	1764324774.2	1.997e+04	1.049e-01	1.050e-01	1	1.450e-07	
10:12:56.2	1764324776.3	1.997e+04	1.049e-01	1.050e-01	1	1.470e-07	
10:12:58.3	1764324778.3	1.997e+04	1.049e-01	1.050e-01	1	1.457e-07	
10:13:00.3	1764324780.4	1.999e+04	1.048e-01	1.050e-01	1	1.526e-07	
10:13:02.3	1764324782.5	2.002e+04	1.047e-01	1.050e-01	1	1.548e-07	
10:13:04.4	1764324784.5	2.000e+04	1.047e-01	1.050e-01	1	1.546e-07	
10:13:06.4	1764324786.5	2.002e+04	1.047e-01	1.050e-01	1	1.552e-07	
10:13:08.5	1764324788.6	2.002e+04	1.046e-01	1.050e-01	1	1.583e-07	
10:13:10.5	1764324790.9	2.006e+04	1.045e-01	1.050e-01	1	1.653e-07	
10:13:12.8	1764324792.9	2.003e+04	1.046e-01	1.050e-01	1	1.627e-07	
10:13:14.9	1764324795.0	1.995e+04	1.050e-01	1.050e-01	1	1.539e-07	
10:13:16.9	1764324797.0	1.993e+04	1.050e-01	1.050e-01	1	1.485e-07	
10:13:18.9	1764324799.1	1.992e+04	1.051e-01	1.050e-01	1	1.456e-07	
10:13:21.0	1764324801.1	1.995e+04	1.050e-01	1.050e-01	1	1.504e-07	
10:13:23.0	1764324803.1	1.994e+04	1.050e-01	1.050e-01	1	1.491e-07	
10:13:25.1	1764324805.1	1.989e+04	1.052e-01	1.050e-01	1	1.438e-07	
10:13:27.1	1764324807.2	1.991e+04	1.051e-01	1.050e-01	1	1.453e-07	
10:13:29.1	1764324809.2	1.993e+04	1.051e-01	1.050e-01	1	1.474e-07	
10:13:31.2	1764324811.3	1.998e+04	1.048e-01	1.050e-01	1	1.545e-07	
10:13:33.3	1764324813.3	1.997e+04	1.049e-01	1.050e-01	1	1.510e-07	
10:13:35.3	1764324815.4	1.992e+04	1.051e-01	1.050e-01	1	1.472e-07	
10:13:37.3	1764324817.4	1.995e+04	1.050e-01	1.050e-01	1	1.492e-07	
10:13:39.4	1764324819.5	1.993e+04	1.051e-01	1.050e-01	1	1.468e-07	
10:13:41.4	1764324821.5	1.998e+04	1.049e-01	1.050e-01	1	1.550e-07	
10:13:43.4	1764324823.5	1.997e+04	1.049e-01	1.050e-01	1	1.535e-07	
10:13:45.5	1764324825.6	1.998e+04	1.048e-01	1.050e-01	1	1.566e-07	
10:13:47.5	1764324827.6	2.003e+04	1.046e-01	1.050e-01	1	1.621e-07	
10:13:49.6	1764324829.6	1.997e+04	1.049e-01	1.050e-01	1	1.551e-07	
10:13:51.6	1764324831.7	1.999e+04	1.048e-01	1.050e-01	1	1.587e-07	
10:13:53.6	1764324833.7	1.998e+04	1.048e-01	1.050e-01	1	1.560e-07	
10:13:55.7	1764324835.7	2.002e+04	1.046e-01	1.050e-01	1	1.655e-07	
10:13:57.7	1764324837.9	1.997e+04	1.049e-01	1.050e-01	1	1.581e-07	
10:13:59.8	1764324839.9	1.993e+04	1.051e-01	1.050e-01	1	1.531e-07	
10:14:01.8	1764324841.9	1.990e+04	1.052e-01	1.050e-01	1	1.456e-07	
10:14:03.9	1764324844.0	1.996e+04	1.049e-01	1.050e-01	1	1.559e-07	
10:14:05.9	1764324846.1	1.999e+04	1.048e-01	1.050e-01	1	1.596e-07	
10:14:08.1	1764324848.1	1.997e+04	1.049e-01	1.050e-01	1	1.596e-07	
10:14:10.1	1764324850.2	1.995e+04	1.050e-01	1.050e-01	1	1.553e-07	
10:14:12.1	1764324852.3	1.997e+04	1.049e-01	1.050e-01	1	1.592e-07	
10:14:14.2	1764324854.3	1.996e+04	1.049e-01	1.050e-01	1	1.580e-07	
10:14:16.2	1764324856.3	1.995e+04	1.050e-01	1.050e-01	1	1.572e-07	
10:14:18.3	1764324858.4	2.000e+04	1.048e-01	1.050e-01	1	1.631e-07	
10:14:20.3	1764324860.4	1.999e+04	1.048e-01	1.050e-01	1	1.648e-07	
10:14:22.4	1764324862.5	2.000e+04	1.047e-01	1.050e-01	1	1.666e-07	
10:14:24.4	1764324864.5	1.998e+04	1.048e-01	1.050e-01	1	1.630e-07	
10:14:26.5	1764324866.5	1.995e+04	1.050e-01	1.050e-01	1	1.612e-07	
10:14:28.5	1764324868.6	1.991e+04	1.052e-01	1.050e-01	1	1.520e-07	
10:14:30.5	1764324870.7	1.991e+04	1.052e-01	1.050e-01	1	1.508e-07	
10:14:32.6	1764324872.7	1.993e+04	1.050e-01	1.050e-01	1	1.554e-07	
10:14:34.6	1764324874.7	1.994e+04	1.050e-01	1.050e-01	1	1.569e-07	
10:14:36.7	1764324876.8	1.992e+04	1.051e-01	1.050e-01	1	1.559e-07	
10:14:38.7	1764324878.8	1.986e+04	1.054e-01	1.050e-01	1	1.461e-07	
10:14:40.7	1764324880.8	1.985e+04	1.054e-01	1.050e-01	1	1.391e-07	
10:14:42.8	1764324882.9	1.987e+04	1.053e-01	1.050e-01	1	1.424e-07	
10:14:44.8	1764324884.9	1.996e+04	1.049e-01	1.050e-01	1	1.548e-07	
10:14:46.9	1764324887.0	1.991e+04	1.051e-01	1.050e-01	1	1.515e-07	
10:14:48.9	1764324889.0	1.990e+04	1.052e-01	1.050e-01	1	1.454e-07	
10:14:50.9	1764324891.1	1.984e+04	1.055e-01	1.050e-01	1	1.384e-07	
10:14:53.0	1764324893.1	1.985e+04	1.054e-01	1.050e-01	1	1.379e-07	
10:14:55.0	1764324895.1	1.984e+04	1.054e-01	1.050e-01	1	1.348e-07	
10:14:57.1	1764324897.2	1.990e+04	1.052e-01	1.050e-01	1	1.408e-07	
10:14:59.1	1764324899.2	1.990e+04	1.052e-01	1.050e-01	1	1.397e-07	
10:15:01.2	1764324901.3	1.994e+04	1.050e-01	1.050e-01	1	1.471e-07	
10:15:03.2	1764324903.3	1.998e+04	1.048e-01	1.050e-01	1	1.524e-07	
10:15:05.3	1764324905.4	2.003e+04	1.046e-01	1.050e-01	1	1.598e-07	
10:15:07.3	1764324907.4	2.002e+04	1.047e-01	1.050e-01	1	1.600e-07	
10:15:09.3	1764324909.5	2.000e+04	1.047e-01	1.050e-01	1	1.608e-07	
10:15:11.4	1764324911.5	1.990e+04	1.052e-01	1.050e-01	1	1.448e-07	
10:15:13.4	1764324913.5	1.986e+04	1.054e-01	1.050e-01	1	1.390e-07	
10:15:15.5	1764324915.6	1.990e+04	1.052e-01	1.050e-01	1	1.435e-07	
10:15:17.5	1764324917.6	1.994e+04	1.050e-01	1.050e-01	1	1.484e-07	
10:15:19.6	1764324919.7	1.994e+04	1.050e-01	1.050e-01	1	1.505e-07	
10:15:21.6	1764324921.7	1.992e+04	1.051e-01	1.050e-01	1	1.438e-07	
10:15:23.7	1764324923.8	1.989e+04	1.052e-01	1.050e-01	1	1.407e-07	
10:15:25.7	1764324925.8	1.990e+04	1.052e-01	1.050e-01	1	1.408e-07	
10:15:27.8	1764324927.9	1.989e+04	1.052e-01	1.050e-01	1	1.382e-07	
10:15:29.8	1764324929.9	1.991e+04	1.051e-01	1.050e-01	1	1.418e-07	
10:15:31.9	1764324932.0	1.991e+04	1.052e-01	1.050e-01	1	1.418e-07	
10:15:34.0	1764324934.0	1.994e+04	1.050e-01	1.050e-01	1	1.447e-07	
10:15:36.0	1764324936.1	1.995e+04	1.050e-01	1.050e-01	1	1.476e-07	
10:15:38.0	1764324938.1	1.999e+04	1.048e-01	1.050e-01	1	1.524e-07	
10:15:40.1	1764324940.2	1.999e+04	1.048e-01	1.050e-01	1	1.530e-07	
10:15:42.1	1764324942.2	1.996e+04	1.049e-01	1.050e-01	1	1.505e-07	
10:15:44.1	1764324944.2	1.994e+04	1.050e-01	1.050e-01	1	1.444e-07	
10:15:46.2	1764324946.3	1.993e+04	1.050e-01	1.050e-01	1	1.449e-07	
10:15:48.2	1764324948.3	2.002e+04	1.047e-01	1.050e-01	1	1.564e-07	
10:15:50.3	1764324950.4	2.000e+04	1.047e-01	1.050e-01	1	1.582e-07	
10:15:52.3	1764324952.4	1.998e+04	1.048e-01	1.050e-01	1	1.537e-07	
10:15:54.4	1764324954.5	1.996e+04	1.049e-01	1.050e-01	1	1.529e-07	
10:15:56.4	1764324956.5	1.996e+04	1.049e-01	1.050e-01	1	1.514e-07	
10:15:58.4	1764324958.6	1.987e+04	1.053e-01	1.050e-01	1	1.410e-07	
10:16:00.5	1764324960.6	1.990e+04	1.052e-01	1.050e-01	1	1.401e-07	
10:16:02.5	1764324962.6	1.994e+04	1.050e-01	1.050e-01	1	1.448e-07	
10:16:04.6	1764324964.7	2.001e+04	1.047e-01	1.050e-01	1	1.598e-07	
10:16:06.6	1764324966.7	2.009e+04	1.044e-01	1.050e-01	1	1.679e-07	
10:16:08.7	1764324968.8	2.008e+04	1.044e-01	1.050e-01	1	1.729e-07	
10:16:10.7	1764324970.8	1.999e+04	1.048e-01	1.050e-01	1	1.623e-07	
10:16:12.8	1764324972.9	1.991e+04	1.052e-01	1.050e-01	1	1.506e-07	
10:16:14.8	1764324974.9	1.994e+04	1.050e-01	1.050e-01	1	1.510e-07	
10:16:16.8	1764324977.0	2.001e+04	1.047e-01	1.050e-01	1	1.642e-07	
10:16:18.9	1764324979.0	1.998e+04	1.048e-01	1.050e-01	1	1.605e-07	
10:16:20.9	1764324981.0	1.994e+04	1.050e-01	1.050e-01	1	1.566e-07	
10:16:23.0	1764324983.1	1.994e+04	1.050e-01	1.050e-01	1	1.554e-07	
10:16:25.0	1764324985.1	1.999e+04	1.048e-01	1.050e-01	1	1.623e-07	
10:16:27.1	1764324987.2	1.995e+04	1.050e-01	1.050e-01	1	1.604e-07	
10:16:29.1	1764324989.2	1.994e+04	1.050e-01	1.050e-01	1	1.559e-07	
10:16:31.2	1764324991.3	1.992e+04	1.051e-01	1.050e-01	1	1.522e-07	
10:16:33.2	1764324993.3	1.992e+04	1.051e-01	1.050e-01	1	1.519e-07	
10:16:35.2	1764324995.4	1.993e+04	1.051e-01	1.050e-01	1	1.529e-07	
10:16:37.3	1764324997.4	1.997e+04	1.049e-01	1.050e-01	1	1.592e-07	
10:16:39.3	1764324999.4	1.993e+04	1.051e-01	1.050e-01	1	1.534e-07	
10:16:41.4	1764325001.5	1.987e+04	1.053e-01	1.050e-01	1	1.475e-07	
10:16:43.4	1764325003.5	1.986e+04	1.054e-01	1.050e-01	1	1.427e-07	
10:16:45.5	1764325005.6	1.982e+04	1.056e-01	1.050e-01	1	1.352e-07	
10:16:47.5	1764325007.6	1.983e+04	1.055e-01	1.050e-01	1	1.334e-07	
10:16:49.6	1764325009.6	1.983e+04	1.055e-01	1.050e-01	1	1.323e-07	
10:16:51.6	1764325011.7	1.989e+04	1.052e-01	1.050e-01	1	1.420e-07	
10:16:53.6	1764325013.7	1.986e+04	1.054e-01	1.050e-01	1	1.375e-07	
10:16:55.7	1764325015.8	1.989e+04	1.053e-01	1.050e-01	1	1.368e-07	
10:16:57.7	1764325017.8	1.996e+04	1.049e-01	1.050e-01	1	1.465e-07	
10:16:59.8	1764325019.8	1.999e+04	1.048e-01	1.050e-01	1	1.517e-07	
10:17:01.8	1764325021.9	2.002e+04	1.047e-01	1.050e-01	1	1.572e-07	
10:17:03.9	1764325023.9	1.999e+04	1.048e-01	1.050e-01	1	1.568e-07	
10:17:05.9	1764325026.0	1.993e+04	1.050e-01	1.050e-01	1	1.477e-07	
10:17:07.9	1764325028.0	1.989e+04	1.052e-01	1.050e-01	1	1.410e-07	
10:17:10.0	1764325030.1	1.995e+04	1.050e-01	1.050e-01	1	1.492e-07	
10:17:12.0	1764325032.1	2.001e+04	1.047e-01	1.050e-01	1	1.565e-07	
10:17:14.1	1764325034.2	1.992e+04	1.051e-01	1.050e-01	1	1.495e-07	
10:17:16.1	1764325036.2	1.990e+04	1.052e-01	1.050e-01	1	1.407e-07	
10:17:18.2	1764325038.2	1.987e+04	1.053e-01	1.050e-01	1	1.362e-07	
10:17:20.2	1764325040.3	1.994e+04	1.050e-01	1.050e-01	1	1.453e-07	
10:17:22.3	1764325042.3	1.996e+04	1.049e-01	1.050e-01	1	1.476e-07	
10:17:24.3	1764325044.4	1.993e+04	1.051e-01	1.050e-01	1	1.451e-07	
10:17:26.3	1764325046.4	1.997e+04	1.049e-01	1.050e-01	1	1.500e-07	
10:17:28.4	1764325048.5	1.993e+04	1.051e-01	1.050e-01	1	1.457e-07	
10:17:30.4	1764325050.5	1.994e+04	1.050e-01	1.050e-01	1	1.456e-07	
10:17:32.5	1764325052.6	1.987e+04	1.053e-01	1.050e-01	1	1.364e-07	
10:17:34.5	1764325054.6	1.986e+04	1.054e-01	1.050e-01	1	1.342e-07	
10:17:36.6	1764325056.6	1.987e+04	1.053e-01	1.050e-01	1	1.320e-07	
10:17:38.6	1764325058.7	1.991e+04	1.052e-01	1.050e-01	1	1.368e-07	
10:17:40.7	1764325060.7	1.996e+04	1.049e-01	1.050e-01	1	1.445e-07	
10:17:42.7	1764325062.8	1.995e+04	1.050e-01	1.050e-01	1	1.448e-07	
10:17:44.7	1764325064.8	1.990e+04	1.052e-01	1.050e-01	1	1.374e-07	
10:17:46.8	1764325066.9	1.988e+04	1.053e-01	1.050e-01	1	1.336e-07	
10:17:48.8	1764325068.9	1.989e+04	1.052e-01	1.050e-01	1	1.332e-07	
10:17:50.9	1764325071.0	1.992e+04	1.051e-01	1.050e-01	1	1.376e-07	
10:17:52.9	1764325073.0	1.988e+04	1.053e-01	1.050e-01	1	1.330e-07	
10:17:55.0	1764325075.0	1.985e+04	1.054e-01	1.050e-01	1	1.263e-07	
10:17:57.0	1764325077.1	1.992e+04	1.051e-01	1.050e-01	1	1.342e-07	
10:17:59.1	1764325079.1	1.997e+04	1.049e-01	1.050e-01	1	1.438e-07	
10:18:01.1	1764325081.2	1.998e+04	1.048e-01	1.050e-01	1	1.458e-07	
10:18:03.1	1764325083.2	1.997e+04	1.049e-01	1.050e-01	1	1.428e-07	
10:18:05.2	1764325085.3	1.998e+04	1.048e-01	1.050e-01	1	1.440e-07	
10:18:07.2	1764325087.3	1.998e+04	1.048e-01	1.050e-01	1	1.455e-07	
10:18:09.3	1764325089.4	1.996e+04	1.049e-01	1.050e-01	1	1.452e-07	
10:18:11.3	1764325091.4	1.992e+04	1.051e-01	1.050e-01	1	1.405e-07	
10:18:13.4	1764325093.5	1.998e+04	1.049e-01	1.050e-01	1	1.426e-07	
10:18:15.4	1764325095.5	1.994e+04	1.050e-01	1.050e-01	1	1.400e-07	
10:18:17.5	1764325097.6	1.995e+04	1.050e-01	1.050e-01	1	1.449e-07	
10:18:19.5	1764325099.6	1.992e+04	1.051e-01	1.050e-01	1	1.363e-07	
10:18:21.5	1764325101.7	1.993e+04	1.051e-01	1.050e-01	1	1.391e-07	
10:18:23.6	1764325103.7	1.996e+04	1.049e-01	1.050e-01	1	1.403e-07	
10:18:25.6	1764325105.7	1.993e+04	1.050e-01	1.050e-01	1	1.406e-07	
10:18:27.7	1764325107.8	1.992e+04	1.051e-01	1.050e-01	1	1.377e-07	
10:18:29.7	1764325109.8	1.990e+04	1.052e-01	1.050e-01	1	1.341e-07	
10:18:31.8	1764325111.9	1.995e+04	1.050e-01	1.050e-01	1	1.404e-07	
10:18:33.8	1764325113.9	1.992e+04	1.051e-01	1.050e-01	1	1.374e-07	
10:18:35.9	1764325116.0	1.995e+04	1.050e-01	1.050e-01	1	1.409e-07	
10:18:37.9	1764325118.0	1.990e+04	1.052e-01	1.050e-01	1	1.338e-07	
10:18:39.9	1764325120.1	1.991e+04	1.052e-01	1.050e-01	1	1.358e-07	
10:18:42.0	1764325122.1	1.994e+04	1.050e-01	1.050e-01	1	1.360e-07	
10:18:44.0	1764325124.1	1.991e+04	1.051e-01	1.050e-01	1	1.351e-07	
10:18:46.1	1764325126.2	1.994e+04	1.050e-01	1.050e-01	1	1.374e-07	
10:18:48.1	1764325128.2	1.995e+04	1.050e-01	1.050e-01	1	1.385e-07	
10:18:50.2	1764325130.3	2.000e+04	1.047e-01	1.050e-01	1	1.481e-07	
10:18:52.2	1764325132.3	1.999e+04	1.048e-01	1.050e-01	1	1.450e-07	
10:18:54.3	1764325134.4	1.998e+04	1.048e-01	1.050e-01	1	1.468e-07	
10:18:56.3	1764325136.4	1.996e+04	1.049e-01	1.050e-01	1	1.404e-07	
10:18:58.3	1764325138.5	1.988e+04	1.053e-01	1.050e-01	1	1.354e-07	
10:19:00.4	1764325140.5	1.990e+04	1.052e-01	1.050e-01	1	1.333e-07	
10:19:02.5	1764325142.5	1.988e+04	1.053e-01	1.050e-01	1	1.310e-07	
10:19:04.5	1764325144.6	1.988e+04	1.053e-01	1.050e-01	1	1.306e-07	
10:19:06.6	1764325146.6	1.984e+04	1.055e-01	1.050e-01	1	1.205e-07	
10:19:08.6	1764325148.7	1.987e+04	1.053e-01	1.050e-01	1	1.239e-07	
10:19:10.6	1764325150.7	1.995e+04	1.050e-01	1.050e-01	1	1.342e-07	
10:19:12.7	1764325152.8	1.998e+04	1.048e-01	1.050e-01	1	1.404e-07	
10:19:14.7	1764325154.8	1.994e+04	1.050e-01	1.050e-01	1	1.381e-07	
10:19:16.8	1764325156.9	1.991e+04	1.052e-01	1.050e-01	1	1.315e-07	
10:19:18.8	1764325158.9	1.990e+04	1.052e-01	1.050e-01	1	1.294e-07	
10:19:20.9	1764325160.9	1.993e+04	1.051e-01	1.050e-01	1	1.324e-07	
10:19:22.9	1764325163.0	1.992e+04	1.051e-01	1.050e-01	1	1.309e-07	
10:19:25.0	1764325165.0	1.991e+04	1.051e-01	1.050e-01	1	1.321e-07	
10:19:27.0	1764325167.1	1.989e+04	1.052e-01	1.050e-01	1	1.265e-07	
10:19:29.0	1764325169.1	1.986e+04	1.054e-01	1.050e-01	1	1.213e-07	
10:19:31.1	1764325171.2	1.982e+04	1.056e-01	1.050e-01	1	1.135e-07	
10:19:33.1	1764325173.2	1.986e+04	1.054e-01	1.050e-01	1	1.175e-07	
10:19:35.2	1764325175.3	1.988e+04	1.053e-01	1.050e-01	1	1.223e-07	
10:19:37.2	1764325177.3	1.995e+04	1.050e-01	1.050e-01	1	1.283e-07	
10:19:39.3	1764325179.3	1.992e+04	1.051e-01	1.050e-01	1	1.244e-07	
10:19:41.3	1764325181.4	1.992e+04	1.051e-01	1.050e-01	1	1.239e-07	
10:19:43.4	1764325183.4	1.991e+04	1.052e-01	1.050e-01	1	1.226e-07	
10:19:45.4	1764325185.5	1.993e+04	1.050e-01	1.050e-01	1	1.239e-07	
10:19:47.4	1764325187.5	2.000e+04	1.047e-01	1.050e-01	1	1.350e-07	
10:19:49.5	1764325189.6	1.999e+04	1.048e-01	1.050e-01	1	1.337e-07	
10:19:51.5	1764325191.6	1.999e+04	1.048e-01	1.050e-01	1	1.356e-07	
10:19:53.6	1764325193.7	1.995e+04	1.050e-01	1.050e-01	1	1.303e-07	
10:19:55.6	1764325195.7	1.992e+04	1.051e-01	1.050e-01	1	1.277e-07	
10:19:57.7	1764325197.7	1.989e+04	1.052e-01	1.050e-01	1	1.206e-07	
10:19:59.7	1764325199.8	1.989e+04	1.053e-01	1.050e-01	1	1.191e-07	
10:20:01.8	1764325201.8	1.991e+04	1.051e-01	1.050e-01	1	1.204e-07	
10:20:03.8	1764325203.9	1.993e+04	1.051e-01	1.050e-01	1	1.234e-07	
10:20:05.8	1764325205.9	1.995e+04	1.050e-01	1.050e-01	1	1.272e-07	
10:20:07.9	1764325208.0	1.995e+04	1.050e-01	1.050e-01	1	1.276e-07	
10:20:09.9	1764325210.0	1.995e+04	1.050e-01	1.050e-01	1	1.278e-07	
10:20:12.0	1764325212.1	1.997e+04	1.049e-01	1.050e-01	1	1.312e-07	
10:20:14.0	1764325214.1	2.000e+04	1.048e-01	1.050e-01	1	1.389e-07	
10:20:16.1	1764325216.1	1.995e+04	1.050e-01	1.050e-01	1	1.300e-07	
10:20:18.1	1764325218.2	1.987e+04	1.053e-01	1.050e-01	1	1.199e-07	
10:20:20.2	1764325220.2	1.986e+04	1.054e-01	1.050e-01	1	1.161e-07	
10:20:22.2	1764325222.3	1.992e+04	1.051e-01	1.050e-01	1	1.215e-07	
10:20:24.2	1764325224.3	1.992e+04	1.051e-01	1.050e-01	1	1.235e-07	
10:20:26.3	1764325226.4	1.990e+04	1.052e-01	1.050e-01	1	1.206e-07	
10:20:28.3	1764325228.4	1.986e+04	1.054e-01	1.050e-01	1	1.135e-07	
10:20:30.4	1764325230.5	1.988e+04	1.053e-01	1.050e-01	1	1.158e-07	
10:20:32.4	1764325232.5	1.989e+04	1.053e-01	1.050e-01	1	1.133e-07	
10:20:34.5	1764325234.5	1.994e+04	1.050e-01	1.050e-01	1	1.223e-07	
10:20:36.5	1764325236.6	1.990e+04	1.052e-01	1.050e-01	1	1.170e-07	
10:20:38.6	1764325238.7	1.985e+04	1.054e-01	1.050e-01	1	1.111e-07	
10:20:40.6	1764325240.7	1.980e+04	1.056e-01	1.050e-01	1	1.014e-07	
10:20:42.6	1764325242.7	1.984e+04	1.055e-01	1.050e-01	1	1.039e-07	
10:20:44.7	1764325244.8	1.987e+04	1.053e-01	1.050e-01	1	1.065e-07	
10:20:46.7	1764325246.8	1.989e+04	1.052e-01	1.050e-01	1	1.086e-07	
10:20:48.8	1764325248.9	1.990e+04	1.052e-01	1.050e-01	1	1.101e-07	
10:20:50.8	1764325250.9	1.991e+04	1.051e-01	1.050e-01	1	1.096e-07	
10:20:52.9	1764325253.0	1.991e+04	1.052e-01	1.050e-01	1	1.116e-07	
10:20:54.9	1764325255.0	1.992e+04	1.051e-01	1.050e-01	1	1.102e-07	
10:20:57.0	1764325257.1	1.991e+04	1.052e-01	1.050e-01	1	1.112e-07	
10:20:59.0	1764325259.1	1.990e+04	1.052e-01	1.050e-01	1	1.058e-07	
10:21:01.0	1764325261.2	1.986e+04	1.054e-01	1.050e-01	1	1.022e-07	
10:21:03.1	1764325263.2	1.988e+04	1.053e-01	1.050e-01	1	1.034e-07	
10:21:05.1	1764325265.2	1.988e+04	1.053e-01	1.050e-01	1	1.027e-07	
10:21:07.2	1764325267.3	1.990e+04	1.052e-01	1.050e-01	1	1.041e-07	
10:21:09.3	1764325269.3	1.993e+04	1.051e-01	1.050e-01	1	1.049e-07	
10:21:11.3	1764325271.4	1.990e+04	1.052e-01	1.050e-01	1	1.032e-07	
10:21:13.3	1764325273.4	1.994e+04	1.050e-01	1.050e-01	1	1.066e-07	
10:21:15.4	1764325275.5	1.992e+04	1.051e-01	1.050e-01	1	1.066e-07	
10:21:17.4	1764325277.5	1.989e+04	1.052e-01	1.050e-01	1	1.016e-07	
10:21:19.5	1764325279.6	1.980e+04	1.057e-01	1.050e-01	1	8.947e-08	
10:21:21.5	1764325281.6	1.983e+04	1.055e-01	1.050e-01	1	9.001e-08	
10:21:23.6	1764325283.6	1.992e+04	1.051e-01	1.050e-01	1	9.888e-08	
10:21:25.6	1764325285.7	1.991e+04	1.052e-01	1.050e-01	1	1.009e-07	
10:21:27.7	1764325287.7	1.984e+04	1.055e-01	1.050e-01	1	9.137e-08	
10:21:29.7	1764325289.8	1.983e+04	1.055e-01	1.050e-01	1	8.853e-08	
10:21:31.7	1764325291.8	1.987e+04	1.053e-01	1.050e-01	1	9.084e-08	
10:21:33.8	1764325293.9	1.989e+04	1.053e-01	1.050e-01	1	9.208e-08	
10:21:35.8	1764325295.9	1.992e+04	1.051e-01	1.050e-01	1	9.486e-08	
